100
1347.0 99.6670 671.61
1.00965 99.11731 99999.62129
512.81694 69.40287 330.61194
20.29955 34.75447 23.05014
6896.00000 32.00000 7414.00000
9994.54923 1.20781 99990.46661
9997.57186 1.36588 99940.67895
9990.34388 1.24670 99994.45451
671.62268 48.56402 1061.06869
1.09077 99.34747 99999.78724
705.79224 84.86000 508.70674
622.59596 29.9 847.15
9992.93517 1.21980 99972.79548
1245.1 89.51 63.88695
1277.69 91.0 432.08105
9997.56518 1.00866 99934.02285
1000.6010 46.08 533.6791
100.25374 21.12856 205.27691
481.632 90.3860 570.0
9992.78506 1.15881 99990.42526
544.58197 15.50599 40.22677
9990.32087 1.28965 99992.95070
9996.22591 1.11882 99960.29233
1271.57880 88.42263 1203.04596
7682.00000 47.00000 8492.00000
186.0 9.68 100000.00
9330.0 66.0 4685.0
983.7 86.0 697.42302
9940.0 4.0 40121.0
6673.0 40.0 44523.0
577.7309 99.02 565.7627
9995.33924 1.30384 99974.69880
9993.58729 1.01459 99915.03827
967.58600 47.91879 617.18130
9994.45643 1.21240 99975.45547
9993.98861 1.22364 99900.92840
9991.87379 1.44060 99922.70572
1270.777 58.530 577.8417
8456.0 9.0 54266.0
10000.00000 50.3349 377.646
765.32977 49.83242 1093.06344
8346.00000 54.00000 9137.00000
1501.00000 2.00000 3002.00000
1039.0 99.271 287.2722
514.25837 42.19563 494.94289
9993.87270 1.44486 99990.62196
9004.0 24.0 97628.0
7.36839 14.85723 794.92182
773.98024 88.04961 196.75464
27.47 83.3 505.37733
9995.01752 1.28500 99944.69785
9993.63311 1.20112 99999.67016
503.4424 20.033 225.89
9991.57032 1.00587 99929.40694
9998.76263 1.04276 99906.43714
3074.00000 2.00000 6148.00000
9996.66492 1.13649 99955.39348
8124.00000 12.00000 8851.00000
9995.53603 1.47761 99974.37616
7310.00000 2.00000 14620.00000
9996.93321 1.34855 99904.72152
5606.0 20.0 74961.0
56.47909 94.63908 426.61387
9994.07549 1.30300 99950.15434
9994.43232 1.01069 99930.00433
1.06178 99.76054 99999.39494
47.07506 29.02881 435.77296
9990.48263 1.46949 99952.32308
2574.0 62.0 1778.0
815.36497 48.53916 727.99683
279.6 66.2 565.213
78.0 60.0 53887.0
9993.96649 1.25610 99974.41537
2077.00000 2.00000 4154.00000
9996.21528 1.06403 99963.02972
291.97 67.285 611.2834
9997.95068 1.13852 99934.88015
36.87523 92.14103 853.17125
2666.0 32.0 62491.0
713.33488 17.55062 174.96959
576.0 24.0 8203.0
8485.0 37.0 56627.0
30.25907 84.47237 504.28057
9993.38767 1.46018 99998.66270
9995.79577 1.06266 99996.56742
1329.27640 93.08313 896.78255
9993.82842 1.10163 99945.29072
5336.0 64.0 33638.0
692.69795 20.31961 901.67758
9991.13650 1.11196 99958.09790
366.7093 85.83 849.6597
593.0 73.18795 330.424
9990.02586 1.27894 99984.25842
9990.02606 1.38690 99989.79131
9993.22579 1.40368 99992.22651
4290.0 43.0 38545.0
9997.95314 1.18721 99950.61713
1.08220 99.36395 99999.47010
262.04920 49.57868 25.66631
149.798 100.00 576.0
