100
473.96532 2.99622 1934.39213
365.00000 2.00000 730.00000
319.0 4.0 803.0
490.53767 1.06061 1985.26107
497.66347 1.31094 1947.57446
497.32139 1.14999 1933.38121
1.02628 3.76774 1999.63717
16.21856 2.79872 239.68278
272.0 3.0 1696.629
25.25 3.0 1765.1223
288.00000 4.00000 297.00000
84.0 3.0 981.0
253.66315 1.96418 290.66505
497.91603 1.31414 1980.50107
431.59551 1.09479 389.77733
228.04020 1.05980 1333.77386
498.31425 1.29499 1918.73407
34.0 2.0 492.0
494.51692 1.20100 1985.81473
241.0 2.0 1481.0
1.03837 3.57593 1999.32578
494.73189 1.49270 1934.44619
301.0 1.0 1004.0
492.33868 1.28519 1917.02167
356.00000 2.00000 386.00000
493.47273 1.01187 1926.81146
490.90625 1.42918 1927.09054
1.00948 3.29519 1999.66506
492.19590 1.02377 1978.20786
254.24202 1.34080 1849.90904
451.30483 2.30267 1757.41120
496.33587 1.24827 1925.65690
1.00962 3.77913 2.11208
77.90276 1.355 1.000
35.99298 3.99907 377.35270
500.00000 1.2 1909.0
468.00000 1.00000 490.00000
109.0 4.0 157.0
492.80877 1.01177 1968.52121
3.00000 2.00000 6.00000
493.66564 1.47266 1989.94096
140.75277 3.16137 156.35964
491.85792 1.37848 1908.07542
495.38310 1.39217 1903.27853
425.07257 1.39448 1589.38200
434.00000 2.00000 868.00000
490.19768 1.33002 1913.77777
492.54 3.98 613.76
496.18958 1.48632 1962.30760
490.49586 1.22539 1984.08277
482.0 1.0 1829.0
495.90571 1.23738 1927.24092
235.83186 2.83426 63.88940
98.88238 1.75146 850.51423
496.28947 1.32180 1962.81443
452.00000 2.00000 495.00000
496.09461 1.18442 1988.84555
286.0 2.0 346.0
148.0 2.6 2000.000
494.15108 1.24116 1945.50278
160.63980 2.39500 871.88515
494.76677 1.01950 1995.46607
297.91518 3.65056 786.00151
189.98763 3.43481 141.98696
338.61 3.05 239.34
497.05814 1.19827 1993.11253
490.44803 1.20070 1976.03234
13.94869 1.21536 1332.40406
492.68237 1.49718 1914.41909
249.3 1.0 1099.6
450.30485 3.13013 1083.68394
302.0 4.0 1049.0
149.4965 2.6 1287.7745
497.39904 1.46281 1983.32137
1.00475 3.10572 1999.60934
492.90517 1.37653 1970.11735
490.18976 1.47006 1967.17657
468.21606 1.49793 1886.56145
391.63896 2.11312 1796.17476
76.0 2.0 1782.0
1.00 3.92 1603.49307
367.95668 4.0 60.555
108.0 3.0 65.0
144.0 1.53 1703.0
495.94161 1.38909 1993.98726
473.0 2.0 12.0
493.63678 1.46654 1915.74449
322.1533 1.298 1816.082
417.00000 2.00000 834.00000
3.70032 3.87867 1445.92834
46.0 4.0 1614.0
302.0 4.0 395.0
193.2700 2.87 757.11399
493.88283 1.26226 1938.97181
494.24629 1.47246 1973.13487
492.65992 1.40452 1930.72500
140.35 1.10 1709.7
363.6 2.0 196.2449
392.0 3.0 1384.0
368.061 3.0 1389.3441
