5
1
0.5
0.6
2
0.7 0.2
0.8 0.3
3
0.5 0.1 0.9
0.6 0.4 0.3
9
0.186 0.389 0.907 0.832 0.959 0.557 0.300 0.992 0.899
0.916 0.728 0.271 0.520 0.700 0.521 0.215 0.341 0.458
1000
0.000999000999000999 0.001998001998001998 0.002997002997002997 0.003996003996003996 0.004995004995004995 0.005994005994005994 0.006993006993006993 0.007992007992007992 0.008991008991008992 0.00999000999000999 0.01098901098901099 0.011988011988011988 0.012987012987012988 0.013986013986013986 0.014985014985014986 0.015984015984015984 0.016983016983016984 0.017982017982017984 0.01898101898101898 0.01998001998001998 0.02097902097902098 0.02197802197802198 0.022977022977022976 0.023976023976023976 0.024975024975024976 0.025974025974025976 0.026973026973026972 0.027972027972027972 0.028971028971028972 0.029970029970029972 0.030969030969030968 0.03196803196803197 0.03296703296703297 0.03396603396603397 0.03496503496503497 0.03596403596403597 0.03696303696303696 0.03796203796203796 0.03896103896103896 0.03996003996003996 0.04095904095904096 0.04195804195804196 0.04295704295704296 0.04395604395604396 0.04495504495504495 0.04595404595404595 0.04695304695304695 0.04795204795204795 0.04895104895104895 0.04995004995004995 0.05094905094905095 0.05194805194805195 0.052947052947052944 0.053946053946053944 0.054945054945054944 0.055944055944055944 0.056943056943056944 0.057942057942057944 0.058941058941058944 0.059940059940059943 0.060939060939060936 0.061938061938061936 0.06293706293706294 0.06393606393606394 0.06493506493506493 0.06593406593406594 0.06693306693306693 0.06793206793206794 0.06893106893106893 0.06993006993006994 0.07092907092907093 0.07192807192807193 0.07292707292707293 0.07392607392607392 0.07492507492507493 0.07592407592407592 0.07692307692307693 0.07792207792207792 0.07892107892107893 0.07992007992007992 0.08091908091908091 0.08191808191808192 0.08291708291708291 0.08391608391608392 0.08491508491508491 0.08591408591408592 0.08691308691308691 0.08791208791208792 0.08891108891108891 0.0899100899100899 0.09090909090909091 0.0919080919080919 0.09290709290709291 0.0939060939060939 0.09490509490509491 0.0959040959040959 0.0969030969030969 0.0979020979020979 0.0989010989010989 0.0999000999000999 0.1008991008991009 0.1018981018981019 0.1028971028971029 0.1038961038961039 0.1048951048951049 0.10589410589410589 0.1068931068931069 0.10789210789210789 0.1088911088911089 0.10989010989010989 0.1108891108891109 0.11188811188811189 0.11288711288711288 0.11388611388611389 0.11488511488511488 0.11588411588411589 0.11688311688311688 0.11788211788211789 0.11888111888111888 0.11988011988011989 0.12087912087912088 0.12187812187812187 0.12287712287712288 0.12387612387612387 0.12487512487512488 0.1258741258741259 0.12687312687312688 0.12787212787212787 0.12887112887112886 0.12987012987012986 0.13086913086913088 0.13186813186813187 0.13286713286713286 0.13386613386613386 0.13486513486513488 0.13586413586413587 0.13686313686313686 0.13786213786213786 0.13886113886113885 0.13986013986013987 0.14085914085914086 0.14185814185814186 0.14285714285714285 0.14385614385614387 0.14485514485514486 0.14585414585414586 0.14685314685314685 0.14785214785214784 0.14885114885114886 0.14985014985014986 0.15084915084915085 0.15184815184815184 0.15284715284715283 0.15384615384615385 0.15484515484515485 0.15584415584415584 0.15684315684315683 0.15784215784215785 0.15884115884115885 0.15984015984015984 0.16083916083916083 0.16183816183816183 0.16283716283716285 0.16383616383616384 0.16483516483516483 0.16583416583416583 0.16683316683316685 0.16783216783216784 0.16883116883116883 0.16983016983016982 0.17082917082917082 0.17182817182817184 0.17282717282717283 0.17382617382617382 0.17482517482517482 0.17582417582417584 0.17682317682317683 0.17782217782217782 0.17882117882117882 0.1798201798201798 0.18081918081918083 0.18181818181818182 0.18281718281718282 0.1838161838161838 0.1848151848151848 0.18581418581418582 0.18681318681318682 0.1878121878121878 0.1888111888111888 0.18981018981018982 0.19080919080919082 0.1918081918081918 0.1928071928071928 0.1938061938061938 0.19480519480519481 0.1958041958041958 0.1968031968031968 0.1978021978021978 0.19880119880119881 0.1998001998001998 0.2007992007992008 0.2017982017982018 0.20279720279720279 0.2037962037962038 0.2047952047952048 0.2057942057942058 0.20679320679320679 0.2077922077922078 0.2087912087912088 0.2097902097902098 0.21078921078921078 0.21178821178821178 0.2127872127872128 0.2137862137862138 0.21478521478521478 0.21578421578421578 0.21678321678321677 0.2177822177822178 0.21878121878121878 0.21978021978021978 0.22077922077922077 0.2217782217782218 0.22277722277722278 0.22377622377622378 0.22477522477522477 0.22577422577422576 0.22677322677322678 0.22777222777222778 0.22877122877122877 0.22977022977022976 0.23076923076923078 0.23176823176823177 0.23276723276723277 0.23376623376623376 0.23476523476523475 0.23576423576423577 0.23676323676323677 0.23776223776223776 0.23876123876123875 0.23976023976023977 0.24075924075924077 0.24175824175824176 0.24275724275724275 0.24375624375624375 0.24475524475524477 0.24575424575424576 0.24675324675324675 0.24775224775224775 0.24875124875124874 0.24975024975024976 0.25074925074925075 0.2517482517482518 0.25274725274725274 0.25374625374625376 0.2547452547452547 0.25574425574425574 0.25674325674325676 0.25774225774225773 0.25874125874125875 0.2597402597402597 0.26073926073926074 0.26173826173826176 0.2627372627372627 0.26373626373626374 0.2647352647352647 0.26573426573426573 0.26673326673326675 0.2677322677322677 0.26873126873126874 0.26973026973026976 0.2707292707292707 0.27172827172827174 0.2727272727272727 0.27372627372627373 0.27472527472527475 0.2757242757242757 0.27672327672327673 0.2777222777222777 0.2787212787212787 0.27972027972027974 0.2807192807192807 0.2817182817182817 0.2827172827172827 0.2837162837162837 0.28471528471528473 0.2857142857142857 0.2867132867132867 0.28771228771228774 0.2887112887112887 0.2897102897102897 0.2907092907092907 0.2917082917082917 0.29270729270729273 0.2937062937062937 0.2947052947052947 0.2957042957042957 0.2967032967032967 0.2977022977022977 0.2987012987012987 0.2997002997002997 0.3006993006993007 0.3016983016983017 0.3026973026973027 0.3036963036963037 0.3046953046953047 0.30569430569430567 0.3066933066933067 0.3076923076923077 0.3086913086913087 0.3096903096903097 0.3106893106893107 0.3116883116883117 0.3126873126873127 0.31368631368631367 0.3146853146853147 0.3156843156843157 0.3166833166833167 0.3176823176823177 0.31868131868131866 0.3196803196803197 0.3206793206793207 0.32167832167832167 0.3226773226773227 0.32367632367632365 0.3246753246753247 0.3256743256743257 0.32667332667332666 0.3276723276723277 0.32867132867132864 0.32967032967032966 0.3306693306693307 0.33166833166833165 0.33266733266733267 0.3336663336663337 0.33466533466533466 0.3356643356643357 0.33666333666333664 0.33766233766233766 0.3386613386613387 0.33966033966033965 0.34065934065934067 0.34165834165834164 0.34265734265734266 0.3436563436563437 0.34465534465534464 0.34565434565434566 0.34665334665334663 0.34765234765234765 0.34865134865134867 0.34965034965034963 0.35064935064935066 0.3516483516483517 0.35264735264735264 0.35364635364635366 0.3546453546453546 0.35564435564435565 0.35664335664335667 0.35764235764235763 0.35864135864135865 0.3596403596403596 0.36063936063936064 0.36163836163836166 0.3626373626373626 0.36363636363636365 0.3646353646353646 0.36563436563436563 0.36663336663336665 0.3676323676323676 0.36863136863136864 0.3696303696303696 0.3706293706293706 0.37162837162837165 0.3726273726273726 0.37362637362637363 0.37462537462537465 0.3756243756243756 0.37662337662337664 0.3776223776223776 0.3786213786213786 0.37962037962037964 0.3806193806193806 0.38161838161838163 0.3826173826173826 0.3836163836163836 0.38461538461538464 0.3856143856143856 0.3866133866133866 0.3876123876123876 0.3886113886113886 0.38961038961038963 0.3906093906093906 0.3916083916083916 0.3926073926073926 0.3936063936063936 0.3946053946053946 0.3956043956043956 0.3966033966033966 0.39760239760239763 0.3986013986013986 0.3996003996003996 0.4005994005994006 0.4015984015984016 0.4025974025974026 0.4035964035964036 0.4045954045954046 0.40559440559440557 0.4065934065934066 0.4075924075924076 0.4085914085914086 0.4095904095904096 0.41058941058941056 0.4115884115884116 0.4125874125874126 0.41358641358641357 0.4145854145854146 0.4155844155844156 0.4165834165834166 0.4175824175824176 0.41858141858141856 0.4195804195804196 0.4205794205794206 0.42157842157842157 0.4225774225774226 0.42357642357642356 0.4245754245754246 0.4255744255744256 0.42657342657342656 0.4275724275724276 0.42857142857142855 0.42957042957042957 0.4305694305694306 0.43156843156843155 0.4325674325674326 0.43356643356643354 0.43456543456543456 0.4355644355644356 0.43656343656343655 0.43756243756243757 0.4385614385614386 0.43956043956043955 0.4405594405594406 0.44155844155844154 0.44255744255744256 0.4435564435564436 0.44455544455544455 0.44555444555444557 0.44655344655344653 0.44755244755244755 0.4485514485514486 0.44955044955044954 0.45054945054945056 0.4515484515484515 0.45254745254745254 0.45354645354645357 0.45454545454545453 0.45554445554445555 0.4565434565434565 0.45754245754245754 0.45854145854145856 0.4595404595404595 0.46053946053946054 0.46153846153846156 0.46253746253746253 0.46353646353646355 0.4645354645354645 0.46553446553446554 0.46653346653346656 0.4675324675324675 0.46853146853146854 0.4695304695304695 0.47052947052947053 0.47152847152847155 0.4725274725274725 0.47352647352647353 0.4745254745254745 0.4755244755244755 0.47652347652347654 0.4775224775224775 0.4785214785214785 0.47952047952047955 0.4805194805194805 0.48151848151848153 0.4825174825174825 0.4835164835164835 0.48451548451548454 0.4855144855144855 0.4865134865134865 0.4875124875124875 0.4885114885114885 0.48951048951048953 0.4905094905094905 0.4915084915084915 0.4925074925074925 0.4935064935064935 0.4945054945054945 0.4955044955044955 0.4965034965034965 0.4975024975024975 0.4985014985014985 0.4995004995004995 0.5004995004995005 0.5014985014985015 0.5024975024975025 0.5034965034965035 0.5044955044955045 0.5054945054945055 0.5064935064935064 0.5074925074925075 0.5084915084915085 0.5094905094905094 0.5104895104895105 0.5114885114885115 0.5124875124875125 0.5134865134865135 0.5144855144855145 0.5154845154845155 0.5164835164835165 0.5174825174825175 0.5184815184815185 0.5194805194805194 0.5204795204795205 0.5214785214785215 0.5224775224775224 0.5234765234765235 0.5244755244755245 0.5254745254745254 0.5264735264735265 0.5274725274725275 0.5284715284715285 0.5294705294705294 0.5304695304695305 0.5314685314685315 0.5324675324675324 0.5334665334665335 0.5344655344655345 0.5354645354645354 0.5364635364635365 0.5374625374625375 0.5384615384615384 0.5394605394605395 0.5404595404595405 0.5414585414585414 0.5424575424575424 0.5434565434565435 0.5444555444555444 0.5454545454545454 0.5464535464535465 0.5474525474525475 0.5484515484515484 0.5494505494505495 0.5504495504495505 0.5514485514485514 0.5524475524475524 0.5534465534465535 0.5544455544455544 0.5554445554445554 0.5564435564435565 0.5574425574425574 0.5584415584415584 0.5594405594405595 0.5604395604395604 0.5614385614385614 0.5624375624375625 0.5634365634365635 0.5644355644355644 0.5654345654345654 0.5664335664335665 0.5674325674325674 0.5684315684315684 0.5694305694305695 0.5704295704295704 0.5714285714285714 0.5724275724275725 0.5734265734265734 0.5744255744255744 0.5754245754245755 0.5764235764235764 0.5774225774225774 0.5784215784215784 0.5794205794205795 0.5804195804195804 0.5814185814185814 0.5824175824175825 0.5834165834165834 0.5844155844155844 0.5854145854145855 0.5864135864135864 0.5874125874125874 0.5884115884115884 0.5894105894105894 0.5904095904095904 0.5914085914085914 0.5924075924075924 0.5934065934065934 0.5944055944055944 0.5954045954045954 0.5964035964035964 0.5974025974025974 0.5984015984015985 0.5994005994005994 0.6003996003996004 0.6013986013986014 0.6023976023976024 0.6033966033966034 0.6043956043956044 0.6053946053946054 0.6063936063936064 0.6073926073926074 0.6083916083916084 0.6093906093906094 0.6103896103896104 0.6113886113886113 0.6123876123876124 0.6133866133866134 0.6143856143856143 0.6153846153846154 0.6163836163836164 0.6173826173826173 0.6183816183816184 0.6193806193806194 0.6203796203796204 0.6213786213786214 0.6223776223776224 0.6233766233766234 0.6243756243756243 0.6253746253746254 0.6263736263736264 0.6273726273726273 0.6283716283716284 0.6293706293706294 0.6303696303696303 0.6313686313686314 0.6323676323676324 0.6333666333666333 0.6343656343656343 0.6353646353646354 0.6363636363636364 0.6373626373626373 0.6383616383616384 0.6393606393606394 0.6403596403596403 0.6413586413586414 0.6423576423576424 0.6433566433566433 0.6443556443556444 0.6453546453546454 0.6463536463536463 0.6473526473526473 0.6483516483516484 0.6493506493506493 0.6503496503496503 0.6513486513486514 0.6523476523476524 0.6533466533466533 0.6543456543456544 0.6553446553446554 0.6563436563436563 0.6573426573426573 0.6583416583416584 0.6593406593406593 0.6603396603396603 0.6613386613386614 0.6623376623376623 0.6633366633366633 0.6643356643356644 0.6653346653346653 0.6663336663336663 0.6673326673326674 0.6683316683316683 0.6693306693306693 0.6703296703296703 0.6713286713286714 0.6723276723276723 0.6733266733266733 0.6743256743256744 0.6753246753246753 0.6763236763236763 0.6773226773226774 0.6783216783216783 0.6793206793206793 0.6803196803196803 0.6813186813186813 0.6823176823176823 0.6833166833166833 0.6843156843156843 0.6853146853146853 0.6863136863136863 0.6873126873126874 0.6883116883116883 0.6893106893106893 0.6903096903096904 0.6913086913086913 0.6923076923076923 0.6933066933066933 0.6943056943056943 0.6953046953046953 0.6963036963036963 0.6973026973026973 0.6983016983016983 0.6993006993006993 0.7002997002997003 0.7012987012987013 0.7022977022977023 0.7032967032967034 0.7042957042957043 0.7052947052947053 0.7062937062937062 0.7072927072927073 0.7082917082917083 0.7092907092907093 0.7102897102897103 0.7112887112887113 0.7122877122877123 0.7132867132867133 0.7142857142857143 0.7152847152847153 0.7162837162837162 0.7172827172827173 0.7182817182817183 0.7192807192807192 0.7202797202797203 0.7212787212787213 0.7222777222777222 0.7232767232767233 0.7242757242757243 0.7252747252747253 0.7262737262737263 0.7272727272727273 0.7282717282717283 0.7292707292707292 0.7302697302697303 0.7312687312687313 0.7322677322677322 0.7332667332667333 0.7342657342657343 0.7352647352647352 0.7362637362637363 0.7372627372627373 0.7382617382617382 0.7392607392607392 0.7402597402597403 0.7412587412587412 0.7422577422577422 0.7432567432567433 0.7442557442557443 0.7452547452547452 0.7462537462537463 0.7472527472527473 0.7482517482517482 0.7492507492507493 0.7502497502497503 0.7512487512487512 0.7522477522477522 0.7532467532467533 0.7542457542457542 0.7552447552447552 0.7562437562437563 0.7572427572427572 0.7582417582417582 0.7592407592407593 0.7602397602397603 0.7612387612387612 0.7622377622377622 0.7632367632367633 0.7642357642357642 0.7652347652347652 0.7662337662337663 0.7672327672327672 0.7682317682317682 0.7692307692307693 0.7702297702297702 0.7712287712287712 0.7722277722277723 0.7732267732267732 0.7742257742257742 0.7752247752247752 0.7762237762237763 0.7772227772227772 0.7782217782217782 0.7792207792207793 0.7802197802197802 0.7812187812187812 0.7822177822177823 0.7832167832167832 0.7842157842157842 0.7852147852147852 0.7862137862137862 0.7872127872127872 0.7882117882117882 0.7892107892107892 0.7902097902097902 0.7912087912087912 0.7922077922077922 0.7932067932067932 0.7942057942057942 0.7952047952047953 0.7962037962037962 0.7972027972027972 0.7982017982017982 0.7992007992007992 0.8001998001998002 0.8011988011988012 0.8021978021978022 0.8031968031968032 0.8041958041958042 0.8051948051948052 0.8061938061938062 0.8071928071928072 0.8081918081918081 0.8091908091908092 0.8101898101898102 0.8111888111888111 0.8121878121878122 0.8131868131868132 0.8141858141858141 0.8151848151848152 0.8161838161838162 0.8171828171828172 0.8181818181818182 0.8191808191808192 0.8201798201798202 0.8211788211788211 0.8221778221778222 0.8231768231768232 0.8241758241758241 0.8251748251748252 0.8261738261738262 0.8271728271728271 0.8281718281718282 0.8291708291708292 0.8301698301698301 0.8311688311688312 0.8321678321678322 0.8331668331668332 0.8341658341658341 0.8351648351648352 0.8361638361638362 0.8371628371628371 0.8381618381618382 0.8391608391608392 0.8401598401598401 0.8411588411588412 0.8421578421578422 0.8431568431568431 0.8441558441558441 0.8451548451548452 0.8461538461538461 0.8471528471528471 0.8481518481518482 0.8491508491508492 0.8501498501498501 0.8511488511488512 0.8521478521478522 0.8531468531468531 0.8541458541458542 0.8551448551448552 0.8561438561438561 0.8571428571428571 0.8581418581418582 0.8591408591408591 0.8601398601398601 0.8611388611388612 0.8621378621378621 0.8631368631368631 0.8641358641358642 0.8651348651348651 0.8661338661338661 0.8671328671328671 0.8681318681318682 0.8691308691308691 0.8701298701298701 0.8711288711288712 0.8721278721278721 0.8731268731268731 0.8741258741258742 0.8751248751248751 0.8761238761238761 0.8771228771228772 0.8781218781218781 0.8791208791208791 0.8801198801198801 0.8811188811188811 0.8821178821178821 0.8831168831168831 0.8841158841158842 0.8851148851148851 0.8861138861138861 0.8871128871128872 0.8881118881118881 0.8891108891108891 0.8901098901098901 0.8911088911088911 0.8921078921078921 0.8931068931068931 0.8941058941058941 0.8951048951048951 0.8961038961038961 0.8971028971028971 0.8981018981018981 0.8991008991008991 0.9000999000999002 0.9010989010989011 0.9020979020979021 0.903096903096903 0.9040959040959041 0.9050949050949051 0.906093906093906 0.9070929070929071 0.9080919080919081 0.9090909090909091 0.9100899100899101 0.9110889110889111 0.9120879120879121 0.913086913086913 0.9140859140859141 0.9150849150849151 0.916083916083916 0.9170829170829171 0.9180819180819181 0.919080919080919 0.9200799200799201 0.9210789210789211 0.922077922077922 0.9230769230769231 0.9240759240759241 0.9250749250749251 0.926073926073926 0.9270729270729271 0.9280719280719281 0.929070929070929 0.9300699300699301 0.9310689310689311 0.932067932067932 0.9330669330669331 0.9340659340659341 0.935064935064935 0.936063936063936 0.9370629370629371 0.938061938061938 0.939060939060939 0.9400599400599401 0.9410589410589411 0.942057942057942 0.9430569430569431 0.9440559440559441 0.945054945054945 0.9460539460539461 0.9470529470529471 0.948051948051948 0.949050949050949 0.9500499500499501 0.951048951048951 0.952047952047952 0.9530469530469531 0.954045954045954 0.955044955044955 0.9560439560439561 0.957042957042957 0.958041958041958 0.9590409590409591 0.9600399600399601 0.961038961038961 0.962037962037962 0.9630369630369631 0.964035964035964 0.965034965034965 0.9660339660339661 0.967032967032967 0.968031968031968 0.9690309690309691 0.97002997002997 0.971028971028971 0.972027972027972 0.973026973026973 0.974025974025974 0.975024975024975 0.9760239760239761 0.977022977022977 0.978021978021978 0.9790209790209791 0.98001998001998 0.981018981018981 0.9820179820179821 0.983016983016983 0.984015984015984 0.985014985014985 0.986013986013986 0.987012987012987 0.988011988011988 0.989010989010989 0.99000999000999 0.991008991008991 0.9920079920079921 0.993006993006993 0.994005994005994 0.995004995004995 0.996003996003996 0.997002997002997 0.998001998001998 0.999000999000999
0.001996007984031936 0.0029940119760479044 0.003992015968063872 0.00499001996007984 0.005988023952095809 0.006986027944111776 0.007984031936127744 0.008982035928143712 0.00998003992015968 0.010978043912175649 0.011976047904191617 0.012974051896207584 0.013972055888223553 0.014970059880239521 0.015968063872255488 0.016966067864271458 0.017964071856287425 0.018962075848303395 0.01996007984031936 0.020958083832335328 0.021956087824351298 0.022954091816367265 0.023952095808383235 0.0249500998003992 0.02594810379241517 0.02694610778443114 0.027944111776447105 0.028942115768463075 0.029940119760479042 0.03093812375249501 0.031936127744510975 0.03293413173652695 0.033932135728542916 0.03493013972055888 0.03592814371257485 0.036926147704590816 0.03792415169660679 0.038922155688622756 0.03992015968063872 0.04091816367265469 0.041916167664670656 0.04291417165668663 0.043912175648702596 0.04491017964071856 0.04590818363273453 0.046906187624750496 0.04790419161676647 0.04890219560878244 0.0499001996007984 0.05089820359281437 0.05189620758483034 0.05289421157684631 0.05389221556886228 0.054890219560878244 0.05588822355289421 0.05688622754491018 0.05788423153692615 0.05888223552894212 0.059880239520958084 0.06087824351297405 0.06187624750499002 0.06287425149700598 0.06387225548902195 0.06487025948103792 0.0658682634730539 0.06686626746506986 0.06786427145708583 0.0688622754491018 0.06986027944111776 0.07085828343313373 0.0718562874251497 0.07285429141716566 0.07385229540918163 0.0748502994011976 0.07584830339321358 0.07684630738522955 0.07784431137724551 0.07884231536926148 0.07984031936127745 0.08083832335329341 0.08183632734530938 0.08283433133732535 0.08383233532934131 0.08483033932135728 0.08582834331337326 0.08682634730538923 0.08782435129740519 0.08882235528942116 0.08982035928143713 0.09081836327345309 0.09181636726546906 0.09281437125748503 0.09381237524950099 0.09481037924151696 0.09580838323353294 0.0968063872255489 0.09780439121756487 0.09880239520958084 0.0998003992015968 0.10079840319361277 0.10179640718562874 0.1027944111776447 0.10379241516966067 0.10479041916167664 0.10578842315369262 0.10678642714570859 0.10778443113772455 0.10878243512974052 0.10978043912175649 0.11077844311377245 0.11177644710578842 0.11277445109780439 0.11377245508982035 0.11477045908183632 0.1157684630738523 0.11676646706586827 0.11776447105788423 0.1187624750499002 0.11976047904191617 0.12075848303393213 0.1217564870259481 0.12275449101796407 0.12375249500998003 0.124750499001996 0.12574850299401197 0.12674650698602793 0.1277445109780439 0.12874251497005987 0.12974051896207583 0.13073852295409183 0.1317365269461078 0.13273453093812376 0.13373253493013973 0.1347305389221557 0.13572854291417166 0.13672654690618763 0.1377245508982036 0.13872255489021956 0.13972055888223553 0.1407185628742515 0.14171656686626746 0.14271457085828343 0.1437125748502994 0.14471057884231536 0.14570858283433133 0.1467065868263473 0.14770459081836326 0.14870259481037923 0.1497005988023952 0.1506986027944112 0.15169660678642716 0.15269461077844312 0.1536926147704591 0.15469061876247506 0.15568862275449102 0.156686626746507 0.15768463073852296 0.15868263473053892 0.1596806387225549 0.16067864271457086 0.16167664670658682 0.1626746506986028 0.16367265469061876 0.16467065868263472 0.1656686626746507 0.16666666666666666 0.16766467065868262 0.1686626746506986 0.16966067864271456 0.17065868263473055 0.17165668662674652 0.17265469061876249 0.17365269461077845 0.17465069860279442 0.17564870259481039 0.17664670658682635 0.17764471057884232 0.17864271457085829 0.17964071856287425 0.18063872255489022 0.18163672654690619 0.18263473053892215 0.18363273453093812 0.18463073852295409 0.18562874251497005 0.18662674650698602 0.18762475049900199 0.18862275449101795 0.18962075848303392 0.1906187624750499 0.19161676646706588 0.19261477045908185 0.1936127744510978 0.19461077844311378 0.19560878243512975 0.1966067864271457 0.19760479041916168 0.19860279441117765 0.1996007984031936 0.20059880239520958 0.20159680638722555 0.2025948103792415 0.20359281437125748 0.20459081836327345 0.2055888223552894 0.20658682634730538 0.20758483033932135 0.2085828343313373 0.20958083832335328 0.21057884231536927 0.21157684630738524 0.2125748502994012 0.21357285429141717 0.21457085828343314 0.2155688622754491 0.21656686626746507 0.21756487025948104 0.218562874251497 0.21956087824351297 0.22055888223552894 0.2215568862275449 0.22255489021956087 0.22355289421157684 0.2245508982035928 0.22554890219560877 0.22654690618762474 0.2275449101796407 0.22854291417165667 0.22954091816367264 0.23053892215568864 0.2315369261477046 0.23253493013972057 0.23353293413173654 0.2345309381237525 0.23552894211576847 0.23652694610778444 0.2375249500998004 0.23852295409181637 0.23952095808383234 0.2405189620758483 0.24151696606786427 0.24251497005988024 0.2435129740518962 0.24451097804391217 0.24550898203592814 0.2465069860279441 0.24750499001996007 0.24850299401197604 0.249500998003992 0.250499001996008 0.25149700598802394 0.25249500998003993 0.25349301397205587 0.25449101796407186 0.2554890219560878 0.2564870259481038 0.25748502994011974 0.25848303393213573 0.25948103792415167 0.26047904191616766 0.26147704590818366 0.2624750499001996 0.2634730538922156 0.26447105788423153 0.2654690618762475 0.26646706586826346 0.26746506986027946 0.2684630738522954 0.2694610778443114 0.27045908183632733 0.2714570858283433 0.27245508982035926 0.27345309381237526 0.2744510978043912 0.2754491017964072 0.27644710578842313 0.2774451097804391 0.27844311377245506 0.27944111776447106 0.28043912175648705 0.281437125748503 0.282435129740519 0.2834331337325349 0.2844311377245509 0.28542914171656686 0.28642714570858285 0.2874251497005988 0.2884231536926148 0.2894211576846307 0.2904191616766467 0.29141716566866266 0.29241516966067865 0.2934131736526946 0.2944111776447106 0.2954091816367265 0.2964071856287425 0.29740518962075846 0.29840319361277445 0.2994011976047904 0.3003992015968064 0.3013972055888224 0.3023952095808383 0.3033932135728543 0.30439121756487025 0.30538922155688625 0.3063872255489022 0.3073852295409182 0.3083832335329341 0.3093812375249501 0.31037924151696605 0.31137724550898205 0.312375249500998 0.313373253493014 0.3143712574850299 0.3153692614770459 0.31636726546906185 0.31736526946107785 0.3183632734530938 0.3193612774451098 0.3203592814371258 0.3213572854291417 0.3223552894211577 0.32335329341317365 0.32435129740518964 0.3253493013972056 0.3263473053892216 0.3273453093812375 0.3283433133732535 0.32934131736526945 0.33033932135728544 0.3313373253493014 0.3323353293413174 0.3333333333333333 0.3343313373253493 0.33532934131736525 0.33632734530938124 0.3373253493013972 0.3383233532934132 0.3393213572854291 0.3403193612774451 0.3413173652694611 0.34231536926147704 0.34331337325349304 0.344311377245509 0.34530938123752497 0.3463073852295409 0.3473053892215569 0.34830339321357284 0.34930139720558884 0.3502994011976048 0.35129740518962077 0.3522954091816367 0.3532934131736527 0.35429141716566864 0.35528942115768464 0.3562874251497006 0.35728542914171657 0.3582834331337325 0.3592814371257485 0.3602794411177645 0.36127744510978044 0.36227544910179643 0.36327345309381237 0.36427145708582837 0.3652694610778443 0.3662674650698603 0.36726546906187624 0.36826347305389223 0.36926147704590817 0.37025948103792417 0.3712574850299401 0.3722554890219561 0.37325349301397204 0.37425149700598803 0.37524950099800397 0.37624750499001997 0.3772455089820359 0.3782435129740519 0.37924151696606784 0.38023952095808383 0.3812375249500998 0.38223552894211577 0.38323353293413176 0.3842315369261477 0.3852295409181637 0.38622754491017963 0.3872255489021956 0.38822355289421157 0.38922155688622756 0.3902195608782435 0.3912175648702595 0.39221556886227543 0.3932135728542914 0.39421157684630737 0.39520958083832336 0.3962075848303393 0.3972055888223553 0.39820359281437123 0.3992015968063872 0.4001996007984032 0.40119760479041916 0.40219560878243515 0.4031936127744511 0.4041916167664671 0.405189620758483 0.406187624750499 0.40718562874251496 0.40818363273453095 0.4091816367265469 0.4101796407185629 0.4111776447105788 0.4121756487025948 0.41317365269461076 0.41417165668662675 0.4151696606786427 0.4161676646706587 0.4171656686626746 0.4181636726546906 0.41916167664670656 0.42015968063872255 0.42115768463073855 0.4221556886227545 0.4231536926147705 0.4241516966067864 0.4251497005988024 0.42614770459081835 0.42714570858283435 0.4281437125748503 0.4291417165668663 0.4301397205588822 0.4311377245508982 0.43213572854291415 0.43313373253493015 0.4341317365269461 0.4351297405189621 0.436127744510978 0.437125748502994 0.43812375249500995 0.43912175648702595 0.44011976047904194 0.4411177644710579 0.4421157684630739 0.4431137724550898 0.4441117764471058 0.44510978043912175 0.44610778443113774 0.4471057884231537 0.4481037924151697 0.4491017964071856 0.4500998003992016 0.45109780439121755 0.45209580838323354 0.4530938123752495 0.4540918163672655 0.4550898203592814 0.4560878243512974 0.45708582834331335 0.45808383233532934 0.4590818363273453 0.4600798403193613 0.46107784431137727 0.4620758483033932 0.4630738522954092 0.46407185628742514 0.46506986027944114 0.4660678642714571 0.46706586826347307 0.468063872255489 0.469061876247505 0.47005988023952094 0.47105788423153694 0.4720558882235529 0.47305389221556887 0.4740518962075848 0.4750499001996008 0.47604790419161674 0.47704590818363274 0.4780439121756487 0.47904191616766467 0.48003992015968067 0.4810379241516966 0.4820359281437126 0.48303393213572854 0.48403193612774453 0.48502994011976047 0.48602794411177647 0.4870259481037924 0.4880239520958084 0.48902195608782434 0.49001996007984033 0.49101796407185627 0.49201596806387227 0.4930139720558882 0.4940119760479042 0.49500998003992014 0.49600798403193613 0.49700598802395207 0.49800399201596807 0.499001996007984 0.5 0.500998003992016 0.501996007984032 0.5029940119760479 0.5039920159680639 0.5049900199600799 0.5059880239520959 0.5069860279441117 0.5079840319361277 0.5089820359281437 0.5099800399201597 0.5109780439121756 0.5119760479041916 0.5129740518962076 0.5139720558882236 0.5149700598802395 0.5159680638722555 0.5169660678642715 0.5179640718562875 0.5189620758483033 0.5199600798403193 0.5209580838323353 0.5219560878243513 0.5229540918163673 0.5239520958083832 0.5249500998003992 0.5259481037924152 0.5269461077844312 0.5279441117764471 0.5289421157684631 0.5299401197604791 0.530938123752495 0.5319361277445109 0.5329341317365269 0.5339321357285429 0.5349301397205589 0.5359281437125748 0.5369261477045908 0.5379241516966068 0.5389221556886228 0.5399201596806387 0.5409181636726547 0.5419161676646707 0.5429141716566867 0.5439121756487026 0.5449101796407185 0.5459081836327345 0.5469061876247505 0.5479041916167665 0.5489021956087824 0.5499001996007984 0.5508982035928144 0.5518962075848304 0.5528942115768463 0.5538922155688623 0.5548902195608783 0.5558882235528942 0.5568862275449101 0.5578842315369261 0.5588822355289421 0.5598802395209581 0.5608782435129741 0.56187624750499 0.562874251497006 0.563872255489022 0.564870259481038 0.5658682634730539 0.5668662674650699 0.5678642714570858 0.5688622754491018 0.5698602794411177 0.5708582834331337 0.5718562874251497 0.5728542914171657 0.5738522954091816 0.5748502994011976 0.5758483033932136 0.5768463073852296 0.5778443113772455 0.5788423153692615 0.5798403193612774 0.5808383233532934 0.5818363273453094 0.5828343313373253 0.5838323353293413 0.5848303393213573 0.5858283433133733 0.5868263473053892 0.5878243512974052 0.5888223552894212 0.5898203592814372 0.590818363273453 0.591816367265469 0.592814371257485 0.593812375249501 0.5948103792415169 0.5958083832335329 0.5968063872255489 0.5978043912175649 0.5988023952095808 0.5998003992015968 0.6007984031936128 0.6017964071856288 0.6027944111776448 0.6037924151696606 0.6047904191616766 0.6057884231536926 0.6067864271457086 0.6077844311377245 0.6087824351297405 0.6097804391217565 0.6107784431137725 0.6117764471057884 0.6127744510978044 0.6137724550898204 0.6147704590818364 0.6157684630738522 0.6167664670658682 0.6177644710578842 0.6187624750499002 0.6197604790419161 0.6207584830339321 0.6217564870259481 0.6227544910179641 0.6237524950099801 0.624750499001996 0.625748502994012 0.626746506986028 0.627744510978044 0.6287425149700598 0.6297405189620758 0.6307385229540918 0.6317365269461078 0.6327345309381237 0.6337325349301397 0.6347305389221557 0.6357285429141717 0.6367265469061876 0.6377245508982036 0.6387225548902196 0.6397205588822356 0.6407185628742516 0.6417165668662674 0.6427145708582834 0.6437125748502994 0.6447105788423154 0.6457085828343313 0.6467065868263473 0.6477045908183633 0.6487025948103793 0.6497005988023952 0.6506986027944112 0.6516966067864272 0.6526946107784432 0.653692614770459 0.654690618762475 0.655688622754491 0.656686626746507 0.6576846307385229 0.6586826347305389 0.6596806387225549 0.6606786427145709 0.6616766467065869 0.6626746506986028 0.6636726546906188 0.6646706586826348 0.6656686626746507 0.6666666666666666 0.6676646706586826 0.6686626746506986 0.6696606786427146 0.6706586826347305 0.6716566866267465 0.6726546906187625 0.6736526946107785 0.6746506986027944 0.6756487025948104 0.6766467065868264 0.6776447105788423 0.6786427145708582 0.6796407185628742 0.6806387225548902 0.6816367265469062 0.6826347305389222 0.6836327345309381 0.6846307385229541 0.6856287425149701 0.6866267465069861 0.687624750499002 0.688622754491018 0.689620758483034 0.6906187624750499 0.6916167664670658 0.6926147704590818 0.6936127744510978 0.6946107784431138 0.6956087824351297 0.6966067864271457 0.6976047904191617 0.6986027944111777 0.6996007984031936 0.7005988023952096 0.7015968063872255 0.7025948103792415 0.7035928143712575 0.7045908183632734 0.7055888223552894 0.7065868263473054 0.7075848303393214 0.7085828343313373 0.7095808383233533 0.7105788423153693 0.7115768463073853 0.7125748502994012 0.7135728542914171 0.7145708582834331 0.7155688622754491 0.716566866267465 0.717564870259481 0.718562874251497 0.719560878243513 0.720558882235529 0.7215568862275449 0.7225548902195609 0.7235528942115769 0.7245508982035929 0.7255489021956087 0.7265469061876247 0.7275449101796407 0.7285429141716567 0.7295409181636726 0.7305389221556886 0.7315369261477046 0.7325349301397206 0.7335329341317365 0.7345309381237525 0.7355289421157685 0.7365269461077845 0.7375249500998003 0.7385229540918163 0.7395209580838323 0.7405189620758483 0.7415169660678643 0.7425149700598802 0.7435129740518962 0.7445109780439122 0.7455089820359282 0.7465069860279441 0.7475049900199601 0.7485029940119761 0.7495009980039921 0.7504990019960079 0.7514970059880239 0.7524950099800399 0.7534930139720559 0.7544910179640718 0.7554890219560878 0.7564870259481038 0.7574850299401198 0.7584830339321357 0.7594810379241517 0.7604790419161677 0.7614770459081837 0.7624750499001997 0.7634730538922155 0.7644710578842315 0.7654690618762475 0.7664670658682635 0.7674650698602794 0.7684630738522954 0.7694610778443114 0.7704590818363274 0.7714570858283433 0.7724550898203593 0.7734530938123753 0.7744510978043913 0.7754491017964071 0.7764471057884231 0.7774451097804391 0.7784431137724551 0.779441117764471 0.780439121756487 0.781437125748503 0.782435129740519 0.783433133732535 0.7844311377245509 0.7854291417165669 0.7864271457085829 0.7874251497005988 0.7884231536926147 0.7894211576846307 0.7904191616766467 0.7914171656686627 0.7924151696606786 0.7934131736526946 0.7944111776447106 0.7954091816367266 0.7964071856287425 0.7974051896207585 0.7984031936127745 0.7994011976047904 0.8003992015968064 0.8013972055888223 0.8023952095808383 0.8033932135728543 0.8043912175648703 0.8053892215568862 0.8063872255489022 0.8073852295409182 0.8083832335329342 0.8093812375249501 0.810379241516966 0.811377245508982 0.812375249500998 0.8133732534930139 0.8143712574850299 0.8153692614770459 0.8163672654690619 0.8173652694610778 0.8183632734530938 0.8193612774451098 0.8203592814371258 0.8213572854291418 0.8223552894211577 0.8233532934131736 0.8243512974051896 0.8253493013972056 0.8263473053892215 0.8273453093812375 0.8283433133732535 0.8293413173652695 0.8303393213572854 0.8313373253493014 0.8323353293413174 0.8333333333333334 0.8343313373253493 0.8353293413173652 0.8363273453093812 0.8373253493013972 0.8383233532934131 0.8393213572854291 0.8403193612774451 0.8413173652694611 0.8423153692614771 0.843313373253493 0.844311377245509 0.845309381237525 0.846307385229541 0.8473053892215568 0.8483033932135728 0.8493013972055888 0.8502994011976048 0.8512974051896207 0.8522954091816367 0.8532934131736527 0.8542914171656687 0.8552894211576846 0.8562874251497006 0.8572854291417166 0.8582834331337326 0.8592814371257484 0.8602794411177644 0.8612774451097804 0.8622754491017964 0.8632734530938124 0.8642714570858283 0.8652694610778443 0.8662674650698603 0.8672654690618763 0.8682634730538922 0.8692614770459082 0.8702594810379242 0.8712574850299402 0.872255489021956 0.873253493013972 0.874251497005988 0.875249500998004 0.8762475049900199 0.8772455089820359 0.8782435129740519 0.8792415169660679 0.8802395209580839 0.8812375249500998 0.8822355289421158 0.8832335329341318 0.8842315369261478 0.8852295409181636 0.8862275449101796 0.8872255489021956 0.8882235528942116 0.8892215568862275 0.8902195608782435 0.8912175648702595 0.8922155688622755 0.8932135728542914 0.8942115768463074 0.8952095808383234 0.8962075848303394 0.8972055888223552 0.8982035928143712 0.8992015968063872 0.9001996007984032 0.9011976047904192 0.9021956087824351 0.9031936127744511 0.9041916167664671 0.9051896207584831 0.906187624750499 0.907185628742515 0.908183632734531 0.909181636726547 0.9101796407185628 0.9111776447105788 0.9121756487025948 0.9131736526946108 0.9141716566866267 0.9151696606786427 0.9161676646706587 0.9171656686626747 0.9181636726546906 0.9191616766467066 0.9201596806387226 0.9211576846307385 0.9221556886227545 0.9231536926147704 0.9241516966067864 0.9251497005988024 0.9261477045908184 0.9271457085828343 0.9281437125748503 0.9291417165668663 0.9301397205588823 0.9311377245508982 0.9321357285429142 0.9331337325349301 0.9341317365269461 0.935129740518962 0.936127744510978 0.937125748502994 0.93812375249501 0.9391217564870259 0.9401197604790419 0.9411177644710579 0.9421157684630739 0.9431137724550899 0.9441117764471058 0.9451097804391217 0.9461077844311377 0.9471057884231537 0.9481037924151696 0.9491017964071856 0.9500998003992016 0.9510978043912176 0.9520958083832335 0.9530938123752495 0.9540918163672655 0.9550898203592815 0.9560878243512974 0.9570858283433133 0.9580838323353293 0.9590818363273453 0.9600798403193613 0.9610778443113772 0.9620758483033932 0.9630738522954092 0.9640718562874252 0.9650698602794411 0.9660678642714571 0.9670658682634731 0.9680638722554891 0.969061876247505 0.9700598802395209 0.9710578842315369 0.9720558882235529 0.9730538922155688 0.9740518962075848 0.9750499001996008 0.9760479041916168 0.9770459081836327 0.9780439121756487 0.9790419161676647 0.9800399201596807 0.9810379241516967 0.9820359281437125 0.9830339321357285 0.9840319361277445 0.9850299401197605 0.9860279441117764 0.9870259481037924 0.9880239520958084 0.9890219560878244 0.9900199600798403 0.9910179640718563 0.9920159680638723 0.9930139720558883 0.9940119760479041 0.9950099800399201 0.9960079840319361 0.9970059880239521 0.998003992015968 0.999001996007984
