50
10
0.64 0.75 0.83 0.87 0.70 0.96 0.53 0.68 0.98 0.55
0.26 0.08 0.32 0.09 0.51 0.43 0.42 0.21 0.25 0.47
3
0.37 0.21 0.95
0.42 0.84 0.11
4
0.76 0.21 0.24 0.15
0.53 0.88 0.68 0.91
10
0.670 0.528 0.943 0.972 0.472 0.330 0.236 0.774 0.538 0.142
0.038 0.415 0.179 0.698 0.811 0.934 0.925 0.962 0.462 0.783
1
0.1
0.8
9
0.10 0.22 0.12 0.25 0.15 0.01 0.07 0.14 0.26
0.37 0.45 0.58 0.73 0.27 0.75 0.84 0.82 0.95
10
0.90 0.62 0.23 0.38 0.19 0.48 0.56 0.31 0.79 0.08
0.69 0.42 0.94 0.63 0.33 0.98 0.13 0.10 0.37 0.17
10
0.19 0.30 0.17 0.84 0.96 0.59 0.48 0.26 0.33 0.01
0.46 0.97 0.70 0.72 0.32 0.41 0.78 0.99 0.65 0.83
1
0.4
0.6
10
0.24 0.40 0.08 0.12 0.20 0.16 0.32 0.36 0.28 0.04
0.96 0.80 0.88 0.44 0.92 0.72 0.56 0.68 0.52 0.76
10
0.925 0.492 0.592 0.667 0.133 0.633 0.408 0.650 0.892 0.050
0.500 0.083 0.458 0.433 0.542 0.692 0.108 0.883 0.817 0.775
10
0.91 0.04 0.45 0.48 0.77 0.16 0.64 0.49 0.36 0.87
0.39 0.85 0.68 0.20 0.13 0.30 0.74 0.97 0.18 0.28
10
0.55 0.79 0.24 0.21 0.89 0.93 0.74 0.73 0.96 0.60
0.85 0.39 0.30 0.14 0.27 0.06 0.83 0.47 0.49 0.52
4
0.3 0.2 0.4 0.1
0.8 0.7 0.6 0.9
10
0.50 0.99 0.03 0.74 0.29 0.55 0.25 0.63 0.01 0.28
0.96 0.18 0.75 0.14 0.88 0.66 0.41 0.80 0.11 0.38
10
0.784 0.724 0.638 0.172 0.129 0.121 0.819 0.017 0.078 0.448
0.060 0.353 0.603 0.759 0.052 0.534 0.828 0.491 0.578 0.276
10
0.92 0.97 0.43 0.72 0.87 0.59 0.91 0.55 0.73 0.64
0.40 0.35 0.11 0.07 0.05 0.17 0.03 0.31 0.25 0.37
10
0.60 0.93 0.10 0.29 0.44 0.99 0.55 0.58 0.03 0.80
0.62 0.83 0.49 0.33 0.63 0.40 0.13 0.77 0.42 0.07
10
0.96 0.70 0.83 0.72 0.52 0.57 0.98 0.89 0.59 0.85
0.41 0.33 0.04 0.28 0.17 0.20 0.22 0.07 0.09 0.02
10
0.41 0.77 0.07 0.23 0.04 0.67 0.89 0.22 0.09 0.19
0.27 0.68 0.36 0.72 0.64 0.99 0.59 0.80 0.33 0.93
10
0.02 0.20 0.71 0.74 0.27 0.12 0.14 0.05 0.50 0.80
0.61 0.17 0.58 0.59 0.56 0.91 0.77 0.92 0.38 0.47
2
0.29 0.07
0.50 0.36
4
0.98 0.18 0.05 0.86
0.27 0.16 0.11 0.20
10
0.74 0.77 0.81 0.65 0.02 0.31 0.61 0.87 0.92 0.08
0.13 0.95 0.06 0.45 0.82 0.37 0.32 0.79 0.34 0.84
5
0.37 0.59 0.44 0.85 0.81
0.89 0.74 0.78 0.22 0.30
10
0.33 0.75 0.34 0.67 0.56 0.02 0.72 0.49 0.17 0.40
0.78 0.11 0.84 0.21 0.47 0.53 0.19 0.87 0.69 0.91
10
0.77 0.80 0.86 0.34 0.75 0.18 0.64 0.73 0.91 0.82
0.07 0.48 0.66 0.14 0.52 0.25 0.89 0.57 0.95 0.50
10
0.88 0.95 0.67 0.52 0.77 0.70 0.85 0.86 0.89 0.73
0.02 0.01 0.36 0.05 0.10 0.14 0.51 0.47 0.33 0.28
8
0.93 0.47 0.62 0.81 0.55 0.02 0.53 0.96
0.57 0.63 0.11 0.54 0.76 0.29 0.21 0.05
2
0.7 0.3
0.5 0.2
10
0.39 0.48 0.70 0.74 0.96 0.09 0.30 0.35 0.26 0.91
0.13 0.22 0.04 0.78 0.43 0.57 0.52 0.65 0.17 0.83
10
0.86 0.62 0.31 0.76 0.48 0.14 0.34 0.24 0.07 0.52
0.28 0.66 0.59 0.38 0.83 0.45 0.55 0.97 0.72 0.79
9
0.31 0.58 0.61 0.94 0.44 0.36 0.17 0.69 0.75
0.67 0.28 0.25 0.19 0.50 0.97 0.03 0.64 0.89
7
0.48 0.58 0.85 0.81 0.24 0.90 0.57
0.82 0.88 0.19 0.72 0.93 0.07 0.69
10
0.42 0.56 0.52 0.37 0.20 0.51 0.44 0.01 0.03 0.17
0.89 0.79 0.86 0.65 0.94 0.76 0.80 0.96 0.90 0.82
10
0.59 0.75 0.57 0.29 0.51 0.72 0.68 0.54 0.62 0.69
0.46 0.24 0.99 0.77 0.79 0.74 0.71 0.53 0.02 0.20
7
0.86 0.18 0.96 0.39 0.54 0.14 0.93
0.64 0.29 0.57 0.46 0.50 0.11 0.07
7
0.15 0.41 0.89 0.59 0.26 0.56 0.85
0.63 0.70 0.93 0.67 0.37 0.96 0.52
10
0.53 0.22 0.14 0.56 0.25 0.50 0.47 0.08 0.11 0.42
0.69 0.58 0.64 0.89 0.92 0.81 0.67 0.86 0.61 0.83
10
0.92 0.30 0.95 0.51 0.23 0.61 0.70 0.41 0.18 0.15
0.54 0.59 0.44 0.64 0.87 0.89 0.03 0.56 0.98 0.08
10
0.24 0.07 0.39 0.52 0.02 0.04 0.46 0.09 0.15 0.33
0.54 0.59 0.78 0.57 0.91 0.85 0.96 0.63 0.83 0.65
10
0.51 0.97 0.70 0.92 0.54 0.89 0.84 0.49 0.78 0.76
0.35 0.32 0.08 0.19 0.41 0.16 0.05 0.24 0.03 0.14
10
0.63 0.47 0.57 0.67 0.53 0.43 0.10 0.77 0.40 0.27
0.03 0.87 0.50 0.07 0.90 0.23 0.97 0.17 0.93 0.73
10
0.03 0.63 0.50 0.27 0.17 0.97 0.53 0.37 0.40 0.10
0.30 0.83 0.60 0.20 0.90 0.77 0.73 0.80 0.33 0.70
5
0.78 0.80 0.61 0.96 0.91
0.59 0.37 0.57 0.43 0.02
10
0.18 0.48 0.34 0.95 0.22 0.89 0.55 0.42 0.81 0.61
0.32 0.40 0.29 0.93 0.58 0.04 0.16 0.28 0.79 0.78
10
0.388 0.019 0.252 0.476 0.757 0.447 0.786 0.223 0.767 0.029
0.165 0.602 0.214 0.417 0.272 0.621 0.874 0.039 0.650 0.718
8
0.73 0.92 0.56 0.53 0.57 0.79 0.87 0.69
0.41 0.34 0.29 0.15 0.14 0.26 0.01 0.10
7
0.95 0.93 0.67 0.82 0.65 0.87 0.62
0.05 0.50 0.17 0.60 0.35 0.20 0.28
3
0.75 0.25 0.29
0.46 0.96 0.17
