50
24
0
1 5
2 15 18
0
0
0
2 10 3
0
0
0
2 6 7
2 8 20
0
0
0
0
2 22 12
2 4 23
2 13 21
2 16 11
2 14 24
0
2 9 19
2 1 2
24
0
2 17 5
2 20 7
0
1 4
0
2 1 18
0
0
2 9 24
2 8 19
0
0
2 15 3
0
2 6 10
1 5
2 23 2
2 12 16
0
0
2 13 14
0
2 21 22
24
0
1 19
1 1
1 6
1 1
0
0
2 13 2
1 7
0
2 24 16
1 6
1 19
2 17 9
2 12 4
1 20
1 7
2 3 5
0
0
2 22 23
1 10
1 10
1 20
25
1 13
1 13
1 13
1 13
1 13
1 13
1 13
1 13
1 13
1 13
1 13
1 13
0
1 13
1 13
1 13
1 13
1 13
1 13
1 13
1 13
1 13
1 13
1 13
1 13
25
1 9
0
1 22
1 8
1 14
1 4
1 5
1 18
1 2
1 16
1 20
1 19
1 11
1 25
1 21
1 6
1 7
1 1
1 23
1 10
1 24
1 17
1 3
1 13
1 15
25
1 6
1 12
1 19
1 16
1 21
1 25
1 4
1 9
1 1
1 23
1 5
1 3
1 18
1 8
1 17
1 22
1 2
1 14
1 7
2 10 24
1 15
1 24
1 13
0
1 11
25
2 11 19
0
2 13 9
1 20
0
2 18 22
2 3 23
2 7 25
1 24
0
1 17
0
1 10
1 5
2 14 16
2 2 21
0
0
1 12
0
0
0
2 4 6
0
2 1 15
25
2 18 2
2 25 22
1 16
2 3 8
0
2 15 1
1 5
1 7
1 5
1 5
1 5
1 19
1 21
1 9
2 24 4
1 5
1 23
2 13 14
1 5
1 5
1 5
2 11 20
1 5
2 17 12
1 10
24
1 21
1 19
1 9
1 12
1 8
1 4
1 14
1 17
1 2
2 18 6
0
1 22
1 11
1 13
1 7
1 5
1 11
1 23
1 20
1 16
1 15
1 24
1 3
1 1
20
0
0
0
0
10 13 4 2 20 17 1 12 3 19 14
10 13 4 2 20 17 1 12 3 19 14
10 13 4 2 20 17 1 12 3 19 14
10 13 4 2 20 17 1 12 3 19 14
10 13 4 2 20 17 1 12 3 19 14
10 13 4 2 20 17 1 12 3 19 14
10 13 4 2 20 17 1 12 3 19 14
0
0
0
10 13 4 2 20 17 1 12 3 19 14
10 13 4 2 20 17 1 12 3 19 14
0
10 13 4 2 20 17 1 12 3 19 14
0
0
50
2 29 47
2 13 32
1 6
2 15 39
2 17 46
0
0
0
0
0
0
0
0
0
0
0
0
2 9 4
0
2 33 34
2 40 2
2 24 43
0
0
0
2 12 50
2 11 30
0
0
2 23 38
0
2 37 49
0
2 41 44
0
2 31 27
0
2 7 45
2 16 5
0
0
0
2 42 26
2 28 3
2 35 22
2 19 48
2 14 20
2 25 36
2 10 1
2 8 21
50
0
2 29 47
0
2 10 43
2 6 39
0
2 21 30
2 13 23
1 19
0
0
0
0
0
2 33 2
2 34 35
0
0
1 12
0
0
2 18 45
2 42 48
0
0
0
2 41 22
2 31 27
0
2 36 16
0
2 3 44
0
0
2 20 4
0
2 25 7
2 9 19
2 17 49
0
0
0
2 40 8
2 11 38
2 14 46
2 50 32
2 24 37
2 1 28
2 26 15
0
48
0
2 25 41
1 34
2 42 36
1 6
0
1 27
1 13
2 26 30
0
1 10
2 7 15
0
1 13
1 27
2 24 11
2 29 45
0
2 8 14
1 39
2 32 40
1 34
0
1 10
1 18
1 23
0
1 39
1 37
1 23
2 5 43
1 33
0
0
0
1 35
0
2 46 44
0
1 33
1 18
1 35
1 6
1 1
1 37
1 1
2 28 20
2 3 22
50
1 38
1 38
1 38
1 38
1 38
1 38
1 38
1 38
1 38
1 38
1 38
1 38
1 38
1 38
1 38
1 38
1 38
1 38
1 38
1 38
1 38
1 38
1 38
1 38
1 38
1 38
1 38
1 38
1 38
1 38
1 38
1 38
1 38
1 38
1 38
1 38
1 38
0
1 38
1 38
1 38
1 38
1 38
1 38
1 38
1 38
1 38
1 38
1 38
1 38
50
1 43
1 32
1 47
1 10
1 22
1 46
1 34
1 25
1 31
1 49
1 37
1 13
1 45
1 29
1 19
1 1
1 44
1 7
1 41
1 27
1 40
1 12
1 6
1 28
1 20
1 2
1 11
1 3
1 4
1 39
1 36
1 8
1 30
1 14
1 48
1 50
1 42
1 17
1 5
1 38
1 16
0
1 23
1 9
1 15
1 21
1 35
1 26
1 24
1 18
50
2 9 29
1 42
1 25
1 40
1 39
1 19
1 21
1 48
1 46
1 49
1 17
1 16
1 31
1 28
1 7
1 18
1 3
1 30
1 43
1 13
1 44
1 24
1 38
1 10
1 35
1 12
1 50
1 8
0
1 47
1 6
1 27
1 36
1 14
1 2
1 22
1 23
1 26
1 45
1 5
1 37
1 4
1 32
1 11
1 20
1 41
1 15
1 29
1 34
1 33
50
0
0
0
0
2 24 41
2 26 9
2 40 18
0
1 2
2 44 21
2 36 5
1 48
1 4
2 11 37
1 22
1 39
0
2 38 33
1 29
1 49
2 19 46
0
0
2 13 50
1 1
1 23
0
0
0
0
2 6 7
1 35
0
2 45 17
0
2 47 43
2 31 10
0
0
1 3
2 16 34
1 28
2 25 42
2 15 20
0
2 8 30
2 32 12
0
0
1 27
50
1 30
1 35
2 42 12
1 34
2 46 8
2 5 45
1 18
1 31
2 7 16
2 40 27
2 14 49
1 30
2 36 11
1 39
1 30
1 20
2 2 25
1 30
2 33 44
1 30
2 26 19
1 30
2 17 21
1 30
1 47
1 1
2 13 6
2 48 41
1 15
0
1 30
1 30
1 30
1 30
1 30
2 29 38
1 30
1 24
1 30
2 50 23
1 22
1 30
1 30
1 30
2 4 3
1 37
1 30
1 43
1 32
2 9 28
50
1 47
1 7
1 21
1 10
1 6
1 14
0
1 26
1 29
1 39
1 5
1 31
1 36
1 41
1 38
1 4
1 30
1 17
1 15
1 2
1 1
1 19
1 3
1 22
1 11
1 42
1 50
1 25
1 40
1 44
1 24
1 28
1 49
1 33
1 43
1 7
1 13
1 37
1 23
1 12
1 45
1 46
1 18
1 16
1 9
1 34
1 8
2 35 27
1 20
1 32
50
10 3 17 9 43 2 13 7 14 28 27
10 21 25 34 11 15 26 10 16 32 47
10 21 25 34 11 15 26 10 16 32 47
10 3 17 9 43 2 13 7 14 28 27
10 48 38 50 35 12 30 8 46 23 31
10 48 38 50 35 12 30 8 46 23 31
10 21 25 34 11 15 26 10 16 32 47
10 40 19 1 4 39 49 33 41 44 29
10 21 25 34 11 15 26 10 16 32 47
0
0
10 40 19 1 4 39 49 33 41 44 29
10 21 25 34 11 15 26 10 16 32 47
10 21 25 34 11 15 26 10 16 32 47
0
0
10 21 25 34 11 15 26 10 16 32 47
10 48 38 50 35 12 30 8 46 23 31
10 3 17 9 43 2 13 7 14 28 27
10 48 38 50 35 12 30 8 46 23 31
0
10 48 38 50 35 12 30 8 46 23 31
10 40 19 1 4 39 49 33 41 44 29
10 48 38 50 35 12 30 8 46 23 31
0
0
10 21 25 34 11 15 26 10 16 32 47
10 21 25 34 11 15 26 10 16 32 47
10 3 17 9 43 2 13 7 14 28 27
10 40 19 1 4 39 49 33 41 44 29
10 40 19 1 4 39 49 33 41 44 29
0
10 3 17 9 43 2 13 7 14 28 27
0
10 40 19 1 4 39 49 33 41 44 29
10 48 38 50 35 12 30 8 46 23 31
10 48 38 50 35 12 30 8 46 23 31
10 40 19 1 4 39 49 33 41 44 29
10 3 17 9 43 2 13 7 14 28 27
10 3 17 9 43 2 13 7 14 28 27
10 3 17 9 43 2 13 7 14 28 27
10 48 38 50 35 12 30 8 46 23 31
10 21 25 34 11 15 26 10 16 32 47
10 3 17 9 43 2 13 7 14 28 27
10 48 38 50 35 12 30 8 46 23 31
10 40 19 1 4 39 49 33 41 44 29
0
10 40 19 1 4 39 49 33 41 44 29
10 3 17 9 43 2 13 7 14 28 27
10 40 19 1 4 39 49 33 41 44 29
5
1 4
0
1 4
0
2 3 4
5
1 4
0
0
1 2
2 4 3
5
1 2
0
2 5 2
0
1 2
5
1 4
0
2 2 1
0
1 1
5
2 2 4
0
1 1
0
1 1
45
0
0
2 33 38
2 17 18
0
0
2 6 21
1 11
1 2
0
1 28
1 7
0
2 17 36
0
3 21 43 39
0
2 43 15
1 14
1 21
1 43
2 45 36
0
1 28
1 2
0
1 15
0
4 18 9 8 11
0
1 14
0
0
0
2 7 8
1 33
3 19 16 26
1 5
0
2 37 26
0
3 10 30 45
0
2 8 11
1 15
42
3 20 40 15
1 16
0
0
1 39
2 39 17
1 36
1 17
2 39 14
2 17 15
0
3 29 3 34
1 36
0
1 38
4 19 40 9 30
0
2 4 40
0
2 28 40
3 30 1 37
0
1 1
0
0
1 36
1 30
1 14
0
0
0
1 14
1 35
0
1 9
2 14 38
1 36
0
0
1 29
1 9
1 29
41
0
1 20
1 1
1 9
0
0
1 22
2 36 19
1 40
0
1 29
0
1 8
0
3 22 37 2
0
0
1 9
0
0
1 12
0
2 40 28
2 20 22
5 24 7 39 12 19
2 29 6
3 40 3 1
1 35
0
1 1
1 30
0
0
1 7
0
2 35 30
3 9 13 18
1 13
2 29 2
0
1 29
50
1 8
0
2 9 26
0
0
1 46
2 15 35
0
1 42
2 29 43
0
0
0
0
2 20 26
0
0
1 16
0
1 4
0
0
0
4 17 7 23 48
2 46 26
0
1 28
0
2 49 46
3 50 18 33
1 40
0
0
0
0
2 13 12
4 11 46 16 27
1 33
1 33
2 34 8
2 46 12
1 6
2 32 13
2 30 15
1 46
2 26 13
2 12 5
2 42 40
0
0
48
0
0
0
1 39
0
0
0
0
3 16 27 13
0
1 28
3 38 25 16
0
0
2 40 1
3 38 7 19
1 22
2 47 44
2 14 42
0
1 17
0
2 3 14
1 5
1 36
1 9
1 47
0
1 14
0
1 22
0
4 6 3 11 25
2 8 22
3 21 46 24
1 29
0
1 11
1 40
1 3
1 47
0
1 20
0
3 11 25 13
1 21
0
2 14 13
42
0
0
1 17
1 40
2 39 16
0
2 38 39
1 36
2 23 27
2 9 7
1 21
6 15 4 6 18 26 9
2 23 9
0
0
0
0
0
0
1 25
0
1 36
0
2 4 19
0
2 20 9
1 36
1 20
0
0
0
0
2 17 14
0
1 36
0
4 8 20 31 1
1 36
1 36
3 19 21 35
0
2 26 21
42
2 27 30
0
1 20
1 28
0
1 2
0
1 30
1 17
1 12
0
0
0
0
2 8 30
0
2 30 3
1 35
0
2 2 12
1 14
1 33
1 5
3 8 39 21
3 42 29 20
2 9 42
2 14 29
2 18 10
0
0
4 12 36 7 3
2 42 35
0
0
0
2 13 33
1 18
0
1 5
2 8 12
0
0
46
0
0
1 45
1 35
0
0
2 17 22
1 17
0
0
1 45
2 32 5
2 2 44
1 8
0
0
0
0
1 29
2 29 43
0
0
4 17 42 13 30
0
0
0
0
1 8
1 21
0
0
0
2 4 34
0
0
2 14 29
0
0
2 32 29
0
0
0
0
2 45 8
1 1
1 4
50
0
2 39 24
2 18 41
1 34
1 35
0
0
0
0
1 31
0
0
3 14 36 7
1 43
0
2 18 11
0
1 19
0
0
2 36 43
0
0
0
3 21 6 29
1 30
1 21
1 16
0
0
0
0
2 36 26
0
1 12
0
2 36 7
1 21
0
1 47
0
1 41
0
0
0
0
1 30
0
2 31 1
0
42
0
1 24
1 24
0
1 26
2 24 19
2 16 24
0
0
0
1 4
0
1 37
0
0
2 13 25
0
0
0
3 24 38 18
1 4
0
0
0
0
0
0
0
0
0
3 22 2 25
1 39
1 23
1 19
1 38
0
0
1 15
0
2 12 22
0
3 38 1 36
45
0
0
0
0
1 3
0
0
3 43 24 42
0
0
0
1 23
0
1 9
0
0
1 1
1 12
3 2 40 21
1 10
1 41
0
0
2 15 3
0
0
0
2 31 14
2 41 36
0
0
0
1 37
3 6 39 5
0
2 23 13
0
2 15 31
1 5
0
1 38
0
0
0
1 17
48
0
0
2 38 14
0
0
1 31
0
1 14
0
0
0
1 6
0
0
0
1 8
0
2 7 23
0
4 9 32 44 15
2 40 44
1 6
0
1 3
2 23 9
2 8 14
0
0
0
0
0
0
0
2 10 27
0
0
2 31 28
0
1 46
1 46
0
1 31
3 31 23 46
0
1 41
0
0
1 14
42
0
1 7
0
1 31
0
0
1 35
0
3 17 12 1
1 14
0
0
0
0
1 14
2 15 37
0
1 36
0
0
3 39 17 27
3 24 14 25
2 1 26
1 40
2 11 4
0
0
0
0
0
0
2 7 6
0
0
0
0
0
1 4
2 40 7
0
1 6
0
43
1 21
0
0
0
1 10
1 7
0
1 27
1 32
1 35
1 9
0
1 32
0
1 26
1 32
0
1 30
0
0
0
1 2
0
1 35
0
0
1 29
2 27 23
0
0
1 30
0
0
1 16
0
0
3 11 16 36
0
2 3 15
2 18 3
0
2 11 27
1 16
47
0
1 34
0
0
0
4 33 29 16 32
2 27 5
1 1
1 24
0
0
1 34
1 29
1 42
1 24
0
0
1 39
2 23 27
1 38
0
0
0
0
0
1 35
0
2 16 43
1 41
1 11
0
0
0
2 9 35
0
1 5
0
2 9 33
0
0
0
0
0
0
1 1
1 44
2 29 12
44
1 13
0
1 26
1 41
3 32 13 34
2 31 8
0
0
0
1 24
0
2 41 8
0
1 9
0
2 41 8
0
0
1 41
0
2 14 29
1 13
1 31
0
2 15 5
0
1 36
0
0
1 41
0
1 18
0
0
2 42 40
1 31
0
1 2
1 26
0
0
0
0
0
44
0
0
1 28
0
0
2 44 12
0
0
0
0
0
0
0
0
0
2 19 25
0
1 24
0
2 31 22
0
0
1 19
1 9
0
4 20 44 2 34
0
0
0
0
0
0
1 39
2 17 1
4 11 26 17 38
2 14 12
0
1 8
0
2 19 28
2 22 5
0
0
1 37
50
2 46 30
0
0
0
1 2
0
1 41
1 32
2 24 18
0
0
0
1 11
1 41
0
1 36
0
1 11
2 37 40
2 38 32
3 35 40 28
1 28
0
0
1 42
1 36
0
0
1 35
0
0
0
0
1 19
0
0
1 13
1 40
0
0
0
1 18
0
2 18 13
0
2 33 29
1 42
0
1 48
1 27
49
0
2 23 9
0
0
0
0
0
0
0
0
0
1 19
0
1 26
0
0
1 21
0
1 48
0
1 45
0
0
0
1 45
1 21
0
0
0
0
0
0
0
1 21
0
0
1 28
1 13
1 38
2 26 21
0
0
0
0
0
0
1 33
0
0
41
0
0
1 31
0
1 33
1 4
0
0
0
0
0
0
1 7
0
0
0
0
0
0
1 2
1 34
0
0
0
1 1
0
0
0
1 6
0
1 11
0
0
0
0
0
1 40
2 15 29
1 29
0
0
46
0
1 24
0
0
0
2 33 24
2 44 46
0
0
0
2 42 40
1 2
0
1 39
0
0
0
0
0
0
0
0
0
0
0
0
1 6
0
0
0
0
0
0
0
0
1 4
0
0
0
0
0
0
1 24
1 24
0
2 24 37
50
1 5
0
0
0
0
2 44 33
1 18
1 28
0
0
1 12
0
0
0
1 6
0
0
0
0
0
0
0
0
2 17 10
0
0
1 43
0
0
0
0
1 41
0
0
0
0
0
0
0
1 20
0
2 17 14
0
0
0
0
0
1 47
0
1 16
50
1 18
0
0
0
1 14
0
0
0
1 33
0
0
0
0
0
0
0
1 20
0
0
0
0
0
0
3 2 23 35
0
0
0
0
1 23
0
1 38
2 33 10
0
0
0
0
0
0
2 23 40
0
0
0
1 47
1 49
0
0
0
0
0
1 20
42
0
0
2 16 19
0
0
0
0
1 16
0
0
0
1 34
0
0
0
0
1 37
0
0
0
1 37
0
1 39
0
1 34
0
0
1 30
1 12
0
0
1 37
0
1 30
0
0
1 9
0
0
0
1 11
0
47
1 9
0
0
0
0
0
1 19
0
0
0
1 24
0
2 9 19
0
0
1 9
1 22
1 23
0
0
1 10
0
0
0
0
1 34
3 30 39 21
0
0
0
0
1 46
0
0
0
0
0
0
1 43
0
0
0
0
0
0
0
0
