50
24
0
0
1 7
2 2 16
2 21 11
0
0
0
2 22 3
2 12 24
2 17 18
0
0
2 6 4
2 23 5
2 1 15
0
2 13 10
0
2 19 14
0
0
0
2 8 9
24
0
0
1 7
2 18 20
2 8 15
0
1 10
0
2 6 14
0
2 24 19
0
0
2 2 21
2 3 7
0
2 1 9
0
2 13 17
2 16 11
2 12 22
2 23 5
0
0
24
1 8
2 24 7
1 20
1 10
2 18 3
0
1 9
0
0
0
1 6
0
2 11 17
1 12
1 8
2 14 19
1 6
1 20
1 12
0
1 10
2 4 21
2 15 1
1 9
25
1 19
1 19
1 19
1 19
1 19
1 19
1 19
1 19
1 19
1 19
1 19
1 19
1 19
1 19
1 19
1 19
1 19
1 19
0
1 19
1 19
1 19
1 19
1 19
1 19
25
1 21
1 1
1 19
1 23
1 3
1 17
1 13
1 6
1 5
1 15
0
1 11
1 25
1 7
1 18
1 20
1 10
1 2
1 24
1 8
1 9
1 4
1 16
1 14
1 12
25
1 6
1 4
2 7 8
1 25
1 22
1 14
1 9
0
1 10
1 11
1 17
1 18
1 16
1 20
1 12
1 24
1 23
1 1
1 5
1 19
1 13
1 21
1 2
1 8
1 15
25
0
0
2 5 18
0
1 17
0
2 20 16
2 7 3
1 1
0
0
2 24 13
2 14 19
1 11
2 8 12
1 4
0
2 10 2
2 25 6
1 23
0
1 21
0
2 9 22
0
25
2 17 14
1 18
1 18
2 6 13
2 1 11
1 2
1 24
2 25 23
1 18
1 18
2 4 8
1 18
1 19
2 21 15
1 12
1 20
2 16 7
0
1 18
1 18
1 10
1 18
2 9 22
1 18
1 3
24
1 15
0
1 7
1 20
1 3
1 19
1 9
2 1 5
1 10
1 21
1 23
1 2
1 11
1 17
1 13
1 12
1 4
1 6
1 22
1 16
1 18
1 24
1 14
1 2
20
10 20 19 3 14 18 7 4 9 6 2
0
0
0
10 20 19 3 14 18 7 4 9 6 2
0
0
10 20 19 3 14 18 7 4 9 6 2
0
10 20 19 3 14 18 7 4 9 6 2
10 20 19 3 14 18 7 4 9 6 2
10 20 19 3 14 18 7 4 9 6 2
10 20 19 3 14 18 7 4 9 6 2
0
10 20 19 3 14 18 7 4 9 6 2
10 20 19 3 14 18 7 4 9 6 2
10 20 19 3 14 18 7 4 9 6 2
0
0
0
50
0
0
0
0
0
2 4 17
0
0
2 25 26
2 22 6
2 50 42
2 16 10
2 30 18
0
0
0
2 48 19
1 39
2 21 37
2 14 23
0
0
2 34 11
2 5 12
0
2 8 35
2 7 24
2 3 27
0
0
2 33 47
2 2 13
0
0
2 43 38
0
2 29 32
2 1 49
0
2 36 31
0
2 41 40
0
0
2 46 9
0
2 15 45
0
2 44 28
0
50
2 22 4
0
0
2 43 28
2 7 33
2 39 27
0
2 11 45
0
0
1 45
2 24 34
0
0
0
0
2 46 30
0
2 42 20
2 41 31
0
0
2 32 17
0
0
2 18 1
2 37 23
2 10 50
0
2 29 40
2 25 35
0
2 15 8
2 2 47
2 13 6
2 48 5
0
0
0
2 3 12
0
0
0
2 21 26
1 38
0
2 16 44
0
2 9 36
2 14 49
48
1 25
1 25
2 5 31
0
1 15
0
2 2 1
2 39 46
1 40
2 21 18
1 24
1 45
1 14
0
0
1 28
1 45
1 4
2 17 12
2 48 37
1 4
2 43 29
2 13 42
0
0
0
1 26
0
1 41
1 24
1 15
2 47 9
0
2 30 11
2 27 38
2 44 16
1 6
1 26
1 33
0
0
1 14
1 41
1 28
0
1 33
1 40
1 6
50
1 45
1 45
1 45
1 45
1 45
1 45
1 45
1 45
1 45
1 45
1 45
1 45
1 45
1 45
1 45
1 45
1 45
1 45
1 45
1 45
1 45
1 45
1 45
1 45
1 45
1 45
1 45
1 45
1 45
1 45
1 45
1 45
1 45
1 45
1 45
1 45
1 45
1 45
1 45
1 45
1 45
1 45
1 45
1 45
0
1 45
1 45
1 45
1 45
1 45
50
1 28
1 27
1 30
1 49
1 29
1 5
1 26
1 41
1 4
1 3
1 17
1 22
1 11
1 19
1 35
1 36
1 12
1 10
1 15
1 14
1 43
1 9
1 50
0
1 42
1 23
1 31
1 16
1 32
1 24
1 8
1 47
1 7
1 44
1 2
1 13
1 25
1 39
1 6
1 37
1 40
1 38
1 45
1 18
1 46
1 20
1 33
1 1
1 34
1 48
50
1 3
1 42
1 46
1 29
1 15
1 41
1 39
1 4
1 38
1 43
1 35
1 9
1 24
1 37
1 30
1 36
1 7
1 34
1 14
1 45
1 10
1 18
1 32
1 12
1 21
1 19
1 13
1 20
1 22
1 31
1 40
1 17
1 11
1 6
1 25
1 28
1 33
1 16
1 49
1 26
1 44
1 5
0
1 1
1 8
1 47
1 23
2 27 43
1 50
1 2
50
1 24
0
0
2 6 1
1 42
1 41
2 13 34
0
2 33 12
0
0
1 8
2 19 4
0
0
1 11
0
2 35 21
2 20 27
1 3
2 9 22
2 38 47
0
0
0
1 39
1 28
0
1 23
2 40 48
0
0
1 2
2 36 44
2 46 30
2 29 16
1 25
1 14
0
1 15
0
0
0
2 37 50
2 7 18
2 5 26
2 43 17
2 49 31
0
2 32 10
50
1 13
1 25
1 41
2 20 22
1 33
2 47 50
1 33
1 33
1 35
2 49 31
1 33
2 45 40
1 33
1 17
1 33
1 33
1 33
1 44
1 33
2 10 12
1 42
2 28 30
2 7 15
1 39
1 33
1 19
1 11
2 48 29
2 46 3
2 34 43
2 32 36
1 5
0
2 26 27
1 33
1 16
1 8
1 33
1 33
2 24 6
1 33
1 33
2 14 23
1 33
2 18 21
1 38
1 33
2 1 2
2 9 37
1 33
50
1 46
1 25
1 24
1 43
1 34
1 44
1 41
2 42 49
1 20
1 1
1 48
1 39
1 16
1 29
1 26
1 36
1 22
1 38
1 7
0
1 32
1 40
1 19
1 14
1 35
1 10
1 18
1 20
1 9
1 17
1 45
1 47
1 13
1 23
1 30
1 28
1 3
1 11
1 5
1 21
1 2
1 12
1 15
1 50
1 4
1 27
1 33
1 6
1 31
1 37
50
10 48 40 23 44 5 3 24 43 19 11
10 47 15 1 45 36 18 25 21 32 50
10 35 20 46 16 22 10 28 8 27 12
10 47 15 1 45 36 18 25 21 32 50
10 35 20 46 16 22 10 28 8 27 12
0
10 47 15 1 45 36 18 25 21 32 50
10 39 37 13 49 41 17 34 26 6 33
10 47 15 1 45 36 18 25 21 32 50
10 39 37 13 49 41 17 34 26 6 33
10 35 20 46 16 22 10 28 8 27 12
10 39 37 13 49 41 17 34 26 6 33
0
10 47 15 1 45 36 18 25 21 32 50
10 48 40 23 44 5 3 24 43 19 11
10 39 37 13 49 41 17 34 26 6 33
0
10 48 40 23 44 5 3 24 43 19 11
10 35 20 46 16 22 10 28 8 27 12
10 39 37 13 49 41 17 34 26 6 33
10 48 40 23 44 5 3 24 43 19 11
10 39 37 13 49 41 17 34 26 6 33
10 35 20 46 16 22 10 28 8 27 12
10 35 20 46 16 22 10 28 8 27 12
10 48 40 23 44 5 3 24 43 19 11
0
10 39 37 13 49 41 17 34 26 6 33
10 39 37 13 49 41 17 34 26 6 33
10 47 15 1 45 36 18 25 21 32 50
10 47 15 1 45 36 18 25 21 32 50
10 47 15 1 45 36 18 25 21 32 50
10 48 40 23 44 5 3 24 43 19 11
0
0
10 39 37 13 49 41 17 34 26 6 33
10 48 40 23 44 5 3 24 43 19 11
0
10 47 15 1 45 36 18 25 21 32 50
0
10 35 20 46 16 22 10 28 8 27 12
0
10 47 15 1 45 36 18 25 21 32 50
10 35 20 46 16 22 10 28 8 27 12
10 35 20 46 16 22 10 28 8 27 12
10 48 40 23 44 5 3 24 43 19 11
10 39 37 13 49 41 17 34 26 6 33
10 48 40 23 44 5 3 24 43 19 11
10 35 20 46 16 22 10 28 8 27 12
0
10 48 40 23 44 5 3 24 43 19 11
5
0
0
2 2 1
2 5 3
0
5
0
1 4
1 4
0
2 2 4
5
1 2
0
0
1 5
2 2 1
5
0
1 3
0
1 2
2 3 1
5
0
1 5
2 2 4
1 1
0
46
3 2 14 7
1 4
0
0
1 3
4 10 27 44 7
0
1 21
0
0
0
0
1 20
0
1 12
1 46
0
0
0
1 46
0
1 44
3 41 39 13
0
0
2 7 34
1 44
1 8
0
1 2
1 8
1 41
0
1 3
3 28 8 5
1 8
3 27 14 39
1 18
2 19 7
1 7
1 2
1 18
4 38 45 19 23
3 25 3 10
0
0
49
1 44
0
0
2 11 15
2 4 44
0
1 40
0
0
1 44
0
3 11 25 17
1 39
1 40
1 16
0
0
2 25 27
2 28 18
4 15 40 49 42
1 23
0
0
0
1 42
0
0
0
0
0
1 22
1 13
4 22 30 23 37
2 49 22
0
3 23 44 8
2 16 36
1 35
0
0
2 42 44
1 39
1 31
1 29
2 38 35
0
0
3 7 46 24
2 13 27
41
0
1 17
0
1 40
0
3 24 5 14
0
2 17 6
1 37
0
0
1 11
2 28 40
0
0
4 4 34 13 6
2 28 32
3 22 5 35
1 22
3 11 17 26
1 7
0
2 30 6
0
0
0
0
0
0
1 4
2 32 35
0
3 24 18 20
1 24
2 15 5
1 35
1 5
2 31 22
1 17
0
0
46
0
0
0
1 9
2 42 39
0
0
1 26
0
0
3 19 18 22
0
1 7
0
0
1 9
1 34
0
1 17
1 38
0
0
1 16
2 39 40
0
2 41 34
4 16 40 33 4
2 43 9
2 38 43
1 34
0
0
3 19 18 31
1 3
3 20 9 13
1 4
6 33 11 3 13 15 38
0
0
1 22
0
1 1
2 44 41
2 11 15
0
0
50
2 13 24
1 22
1 19
2 2 6
1 13
2 36 44
0
3 42 28 7
0
0
1 48
2 3 10
0
0
0
0
2 10 2
1 28
0
1 12
4 34 9 20 13
0
4 39 33 11 48
0
0
2 48 43
0
1 36
3 44 5 32
3 7 50 38
1 15
0
0
1 18
2 27 50
0
1 12
0
0
0
0
1 16
0
1 7
0
1 18
1 24
1 12
4 45 17 36 18
0
43
0
1 43
0
0
2 4 30
1 32
1 24
3 17 9 18
1 2
0
4 36 3 20 23
3 4 15 24
0
3 15 33 29
0
0
0
2 1 30
4 40 35 34 38
1 4
1 15
2 13 27
0
0
4 4 41 22 33
0
2 33 24
0
1 16
0
0
2 10 23
1 2
0
0
0
0
0
0
1 12
1 20
2 13 35
0
42
1 23
4 25 38 8 41
1 23
1 21
1 41
0
0
0
0
0
1 22
0
2 32 23
0
1 9
0
0
1 6
0
3 23 15 5
0
0
0
2 21 29
1 10
0
3 24 35 20
0
1 23
3 24 36 13
3 22 23 26
1 9
0
4 8 22 41 3
0
2 41 22
4 14 5 3 25
1 9
0
0
0
1 11
44
0
0
0
3 35 22 38
0
1 30
0
1 24
0
2 25 3
0
1 3
1 3
2 21 23
4 30 8 26 3
0
0
0
2 42 28
0
0
1 3
1 33
0
0
0
0
0
1 32
0
3 29 23 21
0
0
0
0
0
0
2 40 35
2 34 7
0
1 17
0
1 21
0
49
0
2 49 23
0
1 6
2 9 24
1 34
2 22 24
1 30
1 49
0
3 44 12 39
0
1 6
2 15 49
0
1 22
0
0
0
0
0
0
0
0
2 13 4
0
1 14
0
0
0
0
0
0
0
0
1 7
1 7
0
1 28
2 7 19
0
0
2 12 24
0
4 24 33 21 8
0
1 20
0
0
46
2 30 46
0
0
0
1 24
0
0
1 19
0
0
0
1 3
1 7
2 23 6
1 39
0
0
1 7
1 18
0
1 3
0
0
0
0
0
1 30
0
1 44
0
2 39 13
2 18 23
2 1 45
2 13 12
0
1 42
1 8
0
1 44
0
2 21 22
0
2 38 36
0
1 26
0
49
0
1 42
1 34
0
2 44 7
0
0
0
2 36 32
1 8
0
1 38
0
0
2 11 9
1 39
3 20 14 47
0
1 44
0
1 48
1 16
0
0
0
0
0
0
1 19
1 44
3 8 9 5
0
0
0
0
1 2
0
3 42 22 21
0
0
0
3 14 37 46
1 13
0
2 32 22
0
0
0
0
40
0
0
1 20
0
1 4
0
0
1 25
2 8 36
0
0
0
3 18 20 30
0
0
0
0
1 24
0
0
0
1 27
0
0
0
2 39 16
2 29 1
0
0
1 16
0
0
1 35
1 38
0
1 8
0
5 10 1 16 20 32
2 24 21
1 23
49
0
2 19 13
2 44 37
3 39 33 36
0
0
0
2 20 36
2 31 16
0
1 31
3 44 2 28
0
0
0
0
0
1 7
0
1 31
2 11 29
0
0
0
0
1 39
0
0
2 49 7
1 42
0
0
0
2 46 19
1 40
0
0
1 37
0
0
1 10
1 43
1 13
0
0
2 41 25
0
0
0
46
0
2 13 10
1 40
0
1 1
2 34 21
0
0
0
2 1 46
1 13
0
1 40
2 33 3
0
0
0
0
0
0
0
0
1 21
1 31
0
2 28 17
1 44
1 6
0
1 46
0
0
1 21
1 5
3 2 40 8
1 2
0
0
2 24 13
0
1 17
1 6
1 38
0
0
0
44
0
1 41
0
0
0
0
1 39
0
1 27
1 23
0
0
1 6
2 42 8
1 24
1 2
0
0
1 4
0
3 4 17 29
0
0
0
1 34
4 5 3 18 38
0
0
0
0
1 19
0
1 37
0
0
0
4 43 38 5 28
0
1 22
1 2
1 28
0
1 36
1 15
44
1 28
0
1 40
0
1 39
1 2
0
0
0
1 41
1 26
1 1
1 41
0
2 37 7
0
0
1 39
2 12 15
1 1
1 37
1 4
2 1 24
0
2 27 1
0
0
0
0
1 27
1 12
0
1 22
1 7
0
0
0
2 32 44
0
2 35 39
1 28
0
0
0
46
1 30
4 27 20 45 24
0
0
0
1 11
2 46 1
2 6 44
0
0
0
0
2 36 45
0
1 25
0
1 3
2 39 5
2 46 20
1 37
0
2 16 42
0
1 38
0
0
0
1 20
0
0
0
2 29 21
0
2 8 23
0
0
0
0
0
0
0
1 5
2 1 41
0
0
0
44
1 14
1 42
0
3 14 41 44
0
0
1 23
0
1 42
1 6
2 25 29
0
0
0
2 20 22
0
1 38
1 40
1 26
0
3 7 25 16
1 39
0
0
0
0
0
0
1 14
0
0
1 19
2 24 22
1 38
0
1 43
0
1 24
2 41 27
1 31
0
0
0
0
50
1 25
0
0
0
0
0
0
0
0
0
0
0
1 26
0
0
0
1 31
1 14
0
0
1 5
0
0
0
0
0
0
0
1 4
1 20
0
1 20
1 48
0
1 37
1 14
0
1 45
0
0
0
0
0
0
1 20
1 26
0
1 25
1 24
0
45
0
0
0
0
0
0
0
0
0
0
1 28
1 40
0
1 1
0
0
0
2 34 15
1 40
0
0
0
0
0
0
0
1 2
0
1 44
2 42 28
1 27
0
0
0
0
0
0
1 22
0
0
0
1 28
0
1 33
1 20
40
0
0
0
0
0
0
0
0
1 37
0
0
0
1 22
0
0
0
0
0
1 29
0
0
1 4
2 40 10
0
0
0
1 14
2 15 19
0
0
1 3
0
0
0
1 3
2 22 3
0
0
0
0
41
0
0
0
0
1 4
0
1 27
0
1 18
0
1 26
0
0
0
1 38
0
0
1 6
0
0
1 11
1 26
1 20
1 34
0
0
3 32 33 18
0
0
0
0
0
0
0
0
0
0
0
0
0
0
45
0
0
0
0
1 34
1 39
0
2 22 40
0
1 16
0
0
0
0
0
0
1 23
0
0
0
0
0
0
0
0
1 22
0
0
1 26
0
1 25
2 23 11
0
0
0
0
1 34
0
0
0
2 2 5
0
0
0
1 17
49
0
0
0
0
0
0
1 25
0
0
1 16
0
2 32 37
0
0
0
0
0
0
0
0
0
0
1 6
1 14
0
0
0
0
2 4 35
1 16
1 16
2 46 45
0
1 9
0
1 27
0
0
0
0
0
0
0
0
0
0
1 42
0
1 15
49
0
0
0
0
0
0
0
0
0
0
0
0
0
0
0
0
1 4
1 43
0
1 39
1 4
1 31
0
0
0
1 13
0
1 4
1 10
1 25
0
0
0
0
0
2 21 20
0
1 6
0
0
0
1 41
0
0
1 26
2 13 1
0
0
0
