100
3 3
10 1 20 2 25 3
10 2 30 3 20 1
3 5
10 1 6 2 10 1
5 1 3 2 10 1 3 2 5 1
3 5
10 1 6 2 10 1
5 1 6 2 10 1 6 2 5 1
1 1
5000000 10
5000000 100
3 5
10000000000000000 1 6000000000000000 2 10000000000000000 1
5000000000000000 1 3000000000000000 2 10000000000000000 1 3000000000000000 2 5000000000000000 1
3 5
10000000000000000 1 6000000000000000 2 10000000000000000 1
5000000000000000 1 6000000000000000 2 10000000000000000 1 6000000000000000 2 5000000000000000 1
3 60
2708566453136737 82 2690938067503721 82 2754941514949507 65
19714630111902 82 25097889288814 65 1 65 159686075936193 26 1 65 5648981673853 65 140403172176323 6 148930205889129 65 132837362086279 6 147747529765519 6 54302450868900 82 115990399323734 65 185755904323646 82 64556552271619 82 108766203607150 82 25158927237858 86 1 82 141618424270635 65 110065891961865 6 253802270968737 86 119451800722551 86 1 65 60244995481172 82 57049963753139 82 296860192889121 65 116284448167580 86 161150750172776 65 384413734726677 65 142560489244490 82 82753547085727 82 129083130896087 26 181496396405730 65 74764182072235 82 193182406833397 82 84733647115597 86 108375370731166 82 292404133076657 26 250841685155478 6 1 82 102325926634427 65 163420384615242 65 190354992233964 6 224045121676323 65 121293101746483 65 205952488251187 82 114359344062440 82 86368774732254 86 211628359572424 26 111928136106671 26 146516708622185 26 93123505330241 65 203038815267503 82 94879464862352 82 211795596742034 26 233592005005052 65 113945327768969 82 44334203296013 82 253342710818883 65 95919244590569 82 127533947984433 82
3 16
479061241183048 32 580094431430779 65 773061281803231 73
160635284693357 43 150369732172275 93 308763048187705 65 186684609205978 72 192676014755413 64 137955241698992 26 263988509531129 20 327517095063509 97 90496713308197 75 130478206538606 73 45262734455450 95 248273224136519 84 172815604247867 1 139474715495805 24 1 21 60232414144826 32
3 59
3692326226729039 10 3679175217291098 89 3635405405146484 10
223542944610844 10 203230518623064 89 206118083396620 89 202015333076413 10 189258593554786 89 254959594351388 89 153772890759493 89 174811873703744 10 184175817159728 89 134775785786729 89 181040195516219 10 86382649081636 10 201935462963798 89 226277356642092 10 211879840200285 10 177939752439047 10 157347055608239 10 155309312101389 10 214991115633817 10 69558237171225 89 189444515597577 10 233819499339458 10 183482272971345 10 133311737312079 89 261868374079989 10 142287324292991 10 253225955515630 10 146193391190545 10 160982610439898 10 114432061745436 10 159700487171068 89 211710931060157 10 216296571789560 10 82196456173128 10 161896794908296 89 192354385219146 10 234998609242571 10 122014406621333 89 97486488820107 10 121055860132410 10 189060729871855 89 266923814969177 89 124460502512876 10 220185914047036 89 148804503672538 10 302469769234266 10 197344640388646 10 220307211831647 89 218460313056012 89 93323371577817 10 120258556477236 89 286145529539830 89 160471006550170 10 174604253824948 89 178654755351700 10 196792031968473 10 189948585580708 89 214960913162815 10 289745093852800 10
3 9
248423859096029 94 304551244027765 50 270314591298696 5
87390317134380 50 163475345515839 50 177439849415253 50 1 50 14922622528731 24 1 74 102853544368017 50 134931285880529 50 205088192491401 94
3 47
2409192571223586 58 2356329631248487 78 2397898072507342 44
147161140788981 97 187458758875782 100 161683419564158 31 159453303802170 16 154334126167403 14 181207664830761 81 78750282773526 21 234041752008071 57 128200194753176 30 186705575911745 33 200205118132233 18 147202324532613 75 212990386053317 58 158259338850638 1 91494049642030 62 197072797480226 23 149518661705948 44 134871938965387 55 175690555755351 76 162785611714069 10 153353588315166 67 153406190142713 74 142372777551781 43 159468835227564 80 152374250457741 96 151832713278920 59 195197582411865 8 159226122419627 73 121459167843748 32 142133763969376 28 246614072696456 17 137468000361312 61 176275883371530 15 64392096675982 41 158221454246731 70 124960553435679 71 101377648935133 34 126467784224726 26 104880782635861 56 203773851041095 52 170278346608761 20 163944133957228 86 114097172199297 78 143655480900380 91 92220834871918 27 154888094948111 65 167216311499070 49
3 47
4220951217063298 3 4197466482030044 83 4188571051640715 3
269275464061933 3 274486303665940 3 248672078542579 3 286451606097121 3 284346555495812 3 261218503498003 3 262955760513171 3 279349992704661 3 269813397727088 83 269753584769224 3 261562201403934 83 274937064074632 83 276309338069233 3 264218659248174 3 262292913756167 3 275122863773603 3 250661349929586 3 260809299076316 83 281145762132447 3 261258425027734 83 269325072832653 3 265850910360779 3 255365638362328 83 284309455621494 3 268062669324603 3 253061577751992 3 268742833989839 3 272245935946766 83 252772746445560 83 273721233760020 83 254580768450015 3 268627165289857 3 272909056945910 3 262739232093116 3 272232551166413 3 257392908201323 3 264760497320965 3 278812588075612 3 271208201001200 3 277134961083513 3 271818756796462 83 271238459207779 3 275001648865979 3 267953629937642 3 253350179877692 83 269485818640917 3 277162927749281 3
3 7
538936218728272 27 434698374191199 27 551386506393049 61
259387678578063 27 175404615141846 61 241075448868191 61 208899177147327 61 159290054345572 60 377791545571401 61 200118549844806 27
3 50
4547486518487916 93 4582316693619941 43 4471765459369569 81
194087693300395 57 333893669206517 84 379486094655867 83 163646834788339 55 322173389345198 31 258774322829514 33 160827723704350 7 290246345713566 81 292803524534930 71 217438170490859 90 246578324411422 50 371710519074317 1 209503551930218 88 351523575469791 85 464158066902623 60 178769917144353 52 278394986852972 23 260598760236416 82 368233542465801 24 274478388745421 53 351771176318738 42 168729297123886 18 290891746434031 65 232290794035662 61 214489167973451 13 194860526419462 64 218169563428651 74 403571856162679 69 205381912828662 17 374880616249937 95 225635273862933 62 262775821664258 28 130590649834287 26 166205848436187 48 266821108944959 66 400984282816944 51 379849442317690 21 271898270949317 49 142502574555949 43 285955995526103 16 95595101448232 97 340717439502462 63 346584792626598 70 241618479000655 5 407070730390530 22 190011710072148 91 288070314870810 93 201905569762498 35 453567813574718 11 201044143871063 25
3 43
3040602188868579 96 3006854038269789 56 3028182065437867 96
222511407802015 56 199562032913479 56 217429236267665 56 205072078308743 56 180607622673877 56 200585144490082 56 202398880821110 96 202377271463375 56 182119934178503 56 233554741329681 96 201680891716090 56 209242959480229 56 193915515102867 96 272779345705164 56 178600582605731 56 226986069360835 56 242321568585029 56 220945088395337 96 173583648764412 96 217389000026686 56 173468020147371 56 202945792829628 96 247438122528517 56 164354029047986 96 253500668812450 56 201886315406488 96 238402745641891 56 260973781540689 56 268072949628745 56 207160015070617 56 254272865589496 56 156098555783251 56 173349197947853 56 239608604135668 56 195666681994511 56 178594840238423 56 223826340691010 56 226077601092514 56 215304936130559 56 217261248995795 56 208209907066706 56 201910205259675 56 227410612662255 96
3 23
952781657718964 66 936724978803457 43 802041794390236 43
112153508476884 66 129004837051234 75 130346040466783 43 108543070752904 43 104497589445074 43 18268984042679 43 170366706539205 73 91857420924927 43 73356759211024 73 167387423966919 66 180555306027521 75 153200083694645 84 188464558243416 84 120279846269279 43 98936090288287 66 56246065660496 66 55792155478174 43 160875781596516 84 145696126313886 84 122551953458485 84 126248082011742 43 130223849126536 75 157447469958433 84
3 87
3618296299752710 11 3659426987823162 44 3599123681244279 98
149627283405214 68 240453100876750 50 30225308393030 44 122689418017085 20 95045986194269 49 68549084197611 58 141337033680964 10 136306903845854 97 52126706748803 95 131819087286148 14 64765270916466 19 155581781320881 57 34212881781905 53 74219102517623 62 74685670099580 99 100747708827364 38 185425257702549 11 213519426187333 33 86927602296023 80 173452905830806 79 133015537920339 64 124127601724042 16 144169089679870 98 111350090634934 85 1 6 243604294271272 16 241687069989485 80 97156627703156 20 84017212453134 85 144070683248558 11 55847288210884 62 109486569924985 50 220941660441526 99 11183933756131 95 148984368218446 6 87460474758189 44 220676739631717 97 87457806370476 38 109314173009520 79 46580024385200 58 125830228141347 33 129458812330820 98 172504098752658 64 125493417851723 14 29252756374383 57 186425568450941 49 99697742926867 53 73699424465565 10 163944243180088 68 8394681794721 19 132365582862341 11 222565650325884 95 154287605451333 80 14814188739407 33 144431340873174 20 181890363377161 58 146026617012481 14 32379311729254 62 128321232754801 85 69591870093459 98 129258845927082 97 146429721285021 19 155953170093173 50 102915964051200 44 179164049169138 53 132044551851905 16 184858588800978 64 86310661385367 49 136253140829176 79 207677584917399 10 191516811357003 57 147254156921053 6 155515369102031 38 87907579033872 99 85253605264311 68 118270216405594 62 84925983307511 16 152799697067143 19 151382269643744 50 175422871201857 68 115726867118533 98 1 53 130222145992722 49 108285979652396 11 124514019176751 14 79546176215503 38 251998824870241 33
3 22
1280475130059702 2 1253645497952129 93 1276459473149272 2
179138704924446 2 118203648694698 2 130024840788661 93 164386470906424 93 119851503543306 93 186871238914630 93 158737311880458 2 153991159381441 2 129250386064745 93 141268589865556 93 155551998958271 93 202183156984424 93 180355269212489 2 208646619252126 93 185829069117901 2 103487709794284 93 179860747336539 93 192047487479505 93 118863725624009 2 162405728103135 93 149410450905825 93 204226598712986 93
3 98
5276250842704380 1 5410340801130336 6 5382568504130472 6
182070463738024 6 145839024394319 77 302498603453837 77 183852978243788 1 203989047426405 77 197648816237346 77 234059808621811 6 146023611712381 6 152631153887851 6 100741612185363 1 202732151547364 6 91354746784939 77 107809031677104 27 126386127259464 77 182915641581218 77 161662214865853 77 115008214695530 77 235921456794873 6 134499114244523 27 59956186318859 1 177077555928851 77 165427962915686 6 238958075068211 1 226713718801887 6 126560814135194 1 175502045460696 1 225908982796975 1 129257751669825 1 189198643602676 35 218669508374093 6 155539013841241 77 190337132883594 6 167377087912778 35 147163553197767 1 217556446633912 77 134007928308978 6 79288299390398 6 230904521553395 1 239043700549612 6 145202760601349 35 42496973665837 1 92736253795964 35 235016435988625 1 194612144049056 1 176603054126248 6 117683849729605 6 129716272500325 1 119415234835037 35 225208908936762 77 248459678892436 1 89346844235514 1 277105562536245 6 126996540673232 6 217088625232983 6 171026749752820 6 189763967859373 1 276034900055171 27 175205577443294 27 189973880486319 6 193291776130077 1 98529977374798 1 71751493553759 1 234672702941159 27 64737809905147 1 156227494589352 77 123777384243159 1 168750722841400 6 156574184673943 77 95136368709362 6 200920224156049 1 111244202681183 6 185814055392121 6 197382025389325 1 112322250073799 77 159009063174737 6 145595846773013 77 100694125754259 77 131331942313125 77 99893423897185 27 24778635717402 6 100195274966136 1 249928195497473 6 196659786507544 1 108945175801897 1 118281942163387 1 236626204197292 6 159314267609697 1 221756838538506 77 31643992090458 6 194074885854920 1 158116030435987 77 162967598212244 27 178778242716702 6 150395941444611 6 140820403970660 27 115745510134394 1 129838420562973 35 147172099724513 6
3 87
2147916793057410 60 2187531725051643 30 2281125041638548 10
71747558633744 52 1 6 224124668921796 14 36336460486144 80 164717772883080 63 263118759407036 57 192774678885351 84 105540602647728 78 35547073629723 72 1 75 121037472278807 65 66725330825504 81 101512093484852 83 1 88 238136119265732 53 97997109768452 34 201229202961411 13 70430209488265 40 24776787375516 45 26073988377936 68 1 36 115995490872243 42 80927516363736 2 57124183355211 87 127317148744614 98 143670416026816 38 128150987412402 11 1 64 154959849214271 95 76100093525568 35 78450380804127 44 40381683704925 56 25700561712912 66 201736861195113 47 126767027655276 12 166407278406701 60 225522969275204 61 131298557758029 41 121365753995199 30 16416740149119 20 230484782111557 49 16927311183768 54 125890546090864 79 111706170709518 10 100618742890232 19 36220164848379 71 1 91 99598203313578 43 62650096900585 5 115920549858273 92 1 31 57950441980979 59 243845847123707 82 110742865113149 55 89869052421280 39 1 51 50421089281700 8 1 89 168394022902901 28 201368697791865 67 1576142396139 1 1 18 103307633056485 4 65762604126701 32 1 77 21387049543613 46 88274410166808 22 104859825354662 85 173815501050036 96 58356603331919 43 141956704409741 80 77973186501450 45 46824449674323 60 31265840387357 78 35157605427916 46 101465481261615 38 50138908178111 83 1 18 118146931047888 96 78261989910835 40 1 41 190543058965671 39 206313128074195 32 159735965762168 31 53740175676470 51 107935214339485 87 46744622874029 47
3 76
5810341319790027 97 5816679248379931 93 5833268234332825 97
254416796430346 97 232152438080572 97 229021772014952 97 208071722498130 97 232220464565620 97 214198780176736 93 230874802763280 97 246868674197976 93 217451187593976 97 203176029851102 97 200374047424222 97 202704209534724 97 207676239329838 97 247236686133694 97 214172255310467 97 231313667182511 93 241628004016298 97 218126948681990 97 228901844366893 93 237886525420781 93 214897301201195 93 243189511352910 97 258483835315382 97 225009936501291 97 205927833416225 97 246559978133322 93 247669937911081 97 224599504808879 97 245083892002896 97 217188412880927 97 235136085402620 97 207930958879302 97 238552446699954 97 244823818762970 97 236879216833364 97 226350287128029 93 234819379803076 93 257316910125639 97 239193194676539 93 254274327024297 97 281656081451548 97 230601746010947 97 232513746548857 93 221727867357428 97 238601430511501 93 218274278357364 93 192338525448458 97 226562184281954 93 241543296802150 97 205488343093029 93 233464837063681 97 249348297285708 97 219850696808425 97 204203262438361 93 221807645977402 97 271703570471656 93 228666502260206 97 258496536418085 93 245626230737369 97 218813479611748 93 226964853288403 97 227680488693320 97 238727512952980 97 248268831581933 97 240898104853841 97 211722805578519 93 232251001996285 97 222605173885016 97 240664350007345 97 239657313335477 93 239141547279084 93 233446699856898 97 241048500426826 97 260439683664652 97 267179498154188 97 202114956492137 97
3 24
153946300417696 68 172802322547237 15 145253559337786 15
31618467484887 68 17440706874016 68 44036954169694 65 55858976063261 68 14532703507783 15 13977037116542 65 46653759292270 93 36761258229258 65 32570034751650 68 33199782014310 98 6340615823644 93 47930981867424 93 30461067235172 98 7695556795747 15 16788488977432 65 1 15 13872060470025 98 19017321854609 93 56562500375437 65 8812397216131 15 12025031562949 15 1 15 75250586183642 68 6607882070373 98
3 42
1806363699414003 44 1825832855898298 4 1852230857719041 86
152312860301542 41 124400684332979 50 141231285871038 47 120120023701869 99 148800645813941 60 139295526331026 89 110170589715743 35 130540727487560 8 99108711655371 65 148122801028775 48 121070901041844 9 122722131620943 82 131253977515888 16 135034879716835 52 109768233649072 72 146915803373020 68 137935998168778 2 129824041317333 63 129672705825870 86 131663645156272 49 138041571299223 40 104511241447138 12 137859382898068 20 120325362174599 25 139326157689044 91 123445095154418 30 130077387141230 81 130376062366182 6 127328004194529 84 137746931139322 88 138844035249364 66 120213632884765 77 135122584086857 17 148835358297064 24 120758784639479 1 143742346745600 64 111605983772697 96 143403296208074 26 145750173600826 94 141477519346901 19 128173230097234 85 112518009351138 44
3 90
3788298202203934 38 3507765206343175 74 3817920809565217 38
56920506657535 74 38557810575298 38 1 74 175756270458800 38 197412325562734 74 170300525833301 74 18680164943318 74 225257167027613 38 1 74 29823390320853 74 1 38 193444935006523 38 172766938508156 74 217946580435871 38 82068079712649 74 27097263502059 38 298138208714793 74 1 74 55488913441626 38 18210222085360 74 220900506132077 38 317284152503979 74 273427076927065 74 229449073124276 38 140444164661516 74 132549833051929 74 208612932673901 74 297729075725572 74 182792336157068 38 1 74 309669911748525 74 42808935942519 38 66503100597517 38 195013022986554 74 126645081532659 74 1 38 156119252476739 74 136213765557035 74 215265560439271 74 205597403808463 74 124629541023741 38 190641797993828 74 211540245877616 74 146632385214803 74 46479547886652 74 208324247347197 74 213845245705682 74 254249862222971 38 130852829320772 38 12772068071850 74 54091680394757 38 83283061832211 74 94861675276184 74 27492928405212 38 33935933207372 74 105167241890937 38 104232783880495 74 143477164914750 38 187452076190426 74 98207624848517 38 1 38 236850558306006 74 20530627907928 38 166056540190536 38 1 74 62889809659281 74 105115424446212 38 16132918182185 74 159441174083971 74 65904258341506 74 209651930927480 38 125060784351297 74 29696033512138 74 107707667654578 74 113600340856533 74 159328804550496 38 254952885258834 74 3525749845210 38 236874872983200 74 197295303316604 74 139420254209651 38 109654354329158 74 131850230620832 38 301052949985820 38 99584401373185 38 155967514610418 38 26154128150834 74 1 38 275461024626963 74 185629524612873 74
3 36
1872047233315332 82 1905713202350504 42 1894077606450877 42
155639718580522 52 80827543392255 2 217508297193355 42 180627058125493 2 232355826728704 42 239575109035336 52 33137857325248 42 167887303809981 2 58484736820414 2 141751386073386 42 144745875599466 52 235968646921186 52 127403518059941 89 113479385405957 52 160531144090833 2 60885946257358 89 250253217324769 2 106248982266481 52 66025324065337 42 84919594865840 2 49911082626210 42 129348471045726 2 161726461666173 2 158270305354476 52 199949704206481 2 126815141304040 52 63603681264580 2 230987477867271 42 76297089211228 2 139635458758348 42 172260907240786 42 36686705228522 42 26271309067690 42 87963089655121 82 152452436172172 89 202057222314208 2
3 29
135416613709977 30 82726657670035 83 174383332804947 20
12241161305753 71 1 10 1 66 239441184613071 36 1 3 69560003349910 13 1 60 31535406985859 53 18470905123988 43 17910342221826 27 9270766180616 21 101836233118174 80 1 1 78886787309292 52 94320343315012 49 1 38 1 20 1 78 1 14 1 4 1 83 123080368814893 23 1 81 41000300938393 82 1 37 46380857225858 58 104193262427535 24 41712638141147 79 1 98
3 96
3646808233622869 66 3700086540434433 22 3705911350663170 66
79625930475133 66 79002689602352 66 190422140574494 66 71685892852844 66 157205767294825 22 126645468883432 66 33354992873352 66 139088133348237 22 125372358552009 66 133232283634582 22 196207942160620 66 167656378734044 22 47277375025187 66 50789550251089 22 127356000271079 22 101561741349736 22 119252880591540 22 82262145878019 66 139361454318008 66 141151519727340 66 135375988460246 22 32343458808091 22 203391910669734 66 207078873781906 22 166233330364943 66 93373737522246 66 148865830072631 66 203991001900000 66 18194753921671 22 69250948628941 22 67012711578788 22 61751669823471 66 211761036381526 66 73038948129206 22 54557751966004 66 68899270216380 22 188059239650974 66 151389850879427 66 243610734665086 22 148372830039968 66 180071009786672 22 14056781063798 22 145983346792491 66 128216015168917 66 199406763174068 66 140111215693400 22 163830984429505 66 93782545434554 66 51715665082578 66 135253456594079 66 65805221848377 22 139635770301643 66 129898348145154 22 168448276765414 66 141073058007608 22 108511556007899 66 31930048146933 66 147523522469570 22 127234199364112 22 62493134712598 66 51010106101005 22 136850675834131 22 72340014274493 66 11384562040261 22 124518409792260 66 98354778503920 22 207508886474433 66 49163242913733 66 91440196267597 66 94001724748189 22 151354323596457 22 64191673186762 66 123441200583549 66 41640122684925 22 176565707054388 66 131329613555398 22 67862864775967 22 102131993755878 66 80258275034826 66 121822352663628 22 24064073659841 22 88369874060132 22 127335787335944 66 142212265439789 66 96237470802006 22 117142184794739 22 155475621514612 66 183499394766558 66 143758504177851 66 133845471681765 22 73453058533112 66 157998429111414 66 210262127715757 22 106803679432214 66 203052075948810 66 137211526466402 22
3 51
3814952899972788 49 3828722012132235 49 3816006328549927 75
236790272326113 10 219832730551344 75 228431764761305 75 223337394577618 10 224871333276475 49 220772677264964 10 230990013403930 49 225096826208944 75 226518417958220 49 228606565040774 10 221489640825419 75 227448481089686 49 228574849457436 49 219154708173606 10 229463855425891 75 221002746928629 49 216647745698754 49 227150371148420 75 225733070640637 4 228637292337661 4 215027827721438 75 223679131766587 49 223321025705976 49 230866545335744 4 229160684194871 75 226614946387570 75 224156567696240 75 224953627272264 75 216203705485756 75 226764647233024 75 232118602254771 75 234916902509213 49 219159391010249 75 225614679218865 75 221933117725970 49 232786888789373 51 229267751987958 75 232425591512001 4 233853568473354 51 214880186305125 49 220881475839997 51 229405177824111 75 218686423025117 49 233203540398461 4 223588660005575 75 218250540636675 10 222243014938165 51 220982255229180 51 212809854846693 4 224962888169207 49 221003461585115 75
3 71
5723497704990110 65 5544582408202186 67 5773046869689804 66
276681797511197 7 190180885355999 66 295942067210777 67 247623886150059 65 247494571384065 7 262873193834114 65 315602078600845 66 179315459159362 67 256433195545127 66 178559530977747 67 331322983708211 65 193687917557547 7 144257920892503 66 287328736079985 7 54263963147706 65 357223520369373 67 189659107670235 66 326098160376370 65 322277246539117 7 219786574480589 67 358354993223556 65 250799515248930 7 205976555601981 66 316470713365821 67 141900756611190 7 211321381535150 65 164513789140983 67 223514343933700 66 144809019480605 65 195822900451688 7 142025887747139 66 369671088559846 67 319054945007423 7 275639395954380 67 310838590314948 65 296200544274223 66 100897658261616 65 235180673539939 67 178960224225528 7 290009145566053 66 368825012540833 66 74321534811481 7 335341619146701 65 337773138822472 67 276927464250913 66 336124581427527 7 237583039820655 65 266515433428953 67 221071599357643 7 166747924769959 66 188048300782028 67 365896514685684 65 33075633624450 65 205541570677179 7 209135596223492 66 344405926672511 67 345671716892277 66 258867023193895 65 128814092916368 7 325025654079058 67 352171438173634 67 259026205639371 66 232665240563495 65 335325430659133 7 247871090352473 67 274317401674011 66 302931179232287 65 242923477868567 7 250195988364228 66 71850930415236 7 178746653682541 67
3 42
3652025060312296 31 3656897016127770 32 3524987919248737 31
222229126020719 31 262315223135122 31 274001445223966 32 245551892699696 31 265635356493805 32 318462779839751 31 219778583657858 32 266217856354032 32 219852698230354 31 297041826116424 31 220252530730731 32 310286837365866 31 301657916181552 32 232445607715676 31 277281017487729 32 323160285419024 31 338272347106604 32 265952916701615 31 322401384596195 31 186233392507090 31 225559195661656 31 249782431941499 31 154380545358817 31 286854378587344 31 254832597288397 32 163359883811822 32 320355097330105 31 298315004757622 32 129050675220344 31 268126323782488 31 274197332724981 31 267869910049185 31 151960041002067 31 273174739545416 31 252912109685233 32 238718426887865 31 219646070277828 31 315711321362243 31 301236989327708 31 231802726292143 32 317162918091543 32 249775203635976 31
3 71
1213442833618421 64 1161646834155007 20 1075712284173341 20
80940354385312 20 80120143036623 9 58823952245031 64 5603205482574 92 72343818011947 51 38904493734114 9 27820141585134 64 157135065771258 20 1 92 49204761914986 64 34147120871420 9 239420211061922 20 55547495264213 64 126838656829130 20 668562186808 9 80424507072765 20 12443001828696 64 91488658859541 9 34230503070731 51 23210114333279 64 36520425839918 64 1 64 156924242436872 20 46524442429396 20 69103042862058 9 1 64 21811065901931 51 60400281625845 20 23920244568099 92 46072656134408 64 28399269060724 92 24633883410811 9 1 20 1 51 1 64 38012982857592 64 62675794729947 64 1 64 1 20 49357389908031 20 8986345294635 64 1 20 1 9 37363387635553 9 1 20 1 64 91689011055504 20 20081216084740 9 63820306817438 20 58113897941861 9 4289022149309 20 4087181773621 92 52101122052073 9 100390243416067 92 1 64 49284705832826 64 1 64 100386869730549 92 1552782353251 20 1 20 216300406797216 9 42082403811811 64 134626970327482 92 1 20 41941276933892 9 1 9 19343671211169 9 182041260565607 64 1 64 49801420610303 92 1 64
3 47
264968093741811 20 362407461611404 6 432541351881242 7
23496233175913 22 29537300323966 87 91744961536729 60 26502459222121 63 1 13 49898289516005 48 49662416776679 82 1 15 79244219402703 28 53856671826718 25 83063327347857 95 45684498727095 58 1 74 57195380131477 38 39017339306273 27 1 17 1 6 171567767523540 56 21081128924827 77 1 65 1 3 37490436560026 90 1 92 1 78 1 67 16829090928103 18 1 47 41876573720539 33 11451467773104 76 3355228244311 12 1 7 39429620304302 21 75820308948485 62 113488639595645 16 64835806063460 10 43029861386797 50 1 52 80402212524954 93 1 11 1 68 61087969215811 85 45668937596736 45 23400876963125 70 6412866012089 20 80768380724567 75 20472227158632 41 132099667764445 75
3 45
3753119990382679 100 3751015080389739 70 3760795482489296 100
189812252489992 70 270172298016700 70 202336084744219 70 189012250889020 70 208531235493193 70 324832088892934 70 273710157696101 70 265715539415651 100 268048206257072 70 268729402828204 70 254697002864913 70 261953741946197 70 246665997335428 70 225678434803076 70 258859926472164 100 239372070146565 70 258120738347807 70 269747094972875 70 265497217633744 70 266975610867722 70 189176203537027 70 240689648902274 70 194256688856758 70 214872869972089 70 267044272025283 70 238672333300597 70 257676932332562 100 223846451073803 70 377456722202015 70 245454912388870 70 231416824445271 100 280297551895879 100 276569312432280 70 239220259416501 70 208560303557071 70 269165688970620 70 230924908303359 70 243282122768027 100 193907076872978 100 245056247181300 100 259120635748401 70 207654245448359 70 205249715662725 70 264250697014869 70 238691399761163 70
3 11
679316052253130 45 692116038132594 28 655974567882041 58
93991998707409 42 164109617066436 28 204321238604822 2 158566547942263 58 158988456503891 42 159017673895804 28 205292633622077 42 164241906800756 42 127345857099488 42 146363560811977 42 189764032298334 58
3 44
825754585755391 16 831763870565420 55 826363304096523 44
68838754791542 41 55765407468122 89 52162416122583 95 45103141925660 77 63839871123397 64 71086926866666 19 47723955189349 6 69374816690744 37 58978578110033 32 49359846659477 61 68848910263983 55 63436275266150 81 67766190834839 67 53847850158882 30 60928674456051 54 47004808885596 8 38536317856115 52 58534795722312 57 54328921585959 51 58455440049747 29 59096102999411 60 46425808938892 85 86300969879245 9 69877704305911 96 47101293640775 24 36260301985457 1 46595124481884 22 55268570987835 31 78645903309921 15 59512024321336 38 59277733603354 43 46981766785948 21 48698060436439 16 43027649342677 94 38382918806521 91 29020338482291 59 53950059033070 23 82616983967469 65 46934548681256 12 57815275978265 74 71269901450804 5 83996207689484 78 38314753046507 18 46447057432103 97
3 87
5761958470491038 81 5777407072498911 71 5735923018991507 81
282640223980879 81 207437420002146 71 197952448394463 81 256495390944289 81 167439121865381 81 204144815859985 81 303245448357500 71 191890613516915 81 294828154167069 81 114408244505400 81 207105025971760 71 227963717632316 81 207962283205061 71 195177115691016 71 211373089749839 71 154903679512419 71 202627234011562 71 206732488574625 71 211046516286376 81 163855173365166 71 328229291978102 71 197519945975017 71 147487486778772 71 178487130018815 81 266470354043798 71 156221359970058 81 143820453620976 71 280200362924422 81 285399223846248 71 48346458131964 71 239098275998213 81 107077954493025 71 281317046369912 71 204951254666705 71 216071469509260 71 152938362646909 81 176505368357048 71 270421873043944 71 285341093805522 71 161239049982422 71 233176453476529 71 238715573031414 71 244072719310037 71 136981684146710 81 224045345513828 71 178501496923226 71 245610907754289 71 71634305325803 71 279166885188443 81 157806700378341 71 121106463177064 81 135396508144649 71 184771959143059 71 288520700976755 71 150495119183520 71 172135834632567 71 223661438043207 71 217926262020425 81 225075191522363 71 106718516214586 81 227240125513899 81 177523196871789 71 201954106739938 71 287308470236091 81 174547403008756 81 209402279215616 71 160393147764387 81 113504854485330 81 324457841903095 71 229479771630291 71 157877886551983 71 132025826803816 71 272257638765835 81 287087137782568 81 151642267559340 81 243555921411733 81 246549565328009 71 196589842350772 71 255157868236308 71 299158906974333 71 305781241050241 81 310820847633282 71 113539306081713 71 152219084687982 81 330457967762169 71 259677146206344 71 195276833523819 71
3 100
4857341401964794 62 4914598393054294 92 4986309273518745 62
146577782707658 86 124733363862973 86 139206716755883 62 265119328671445 62 173098083163878 86 158340798630438 86 21448370375441 11 148392419696635 62 192105983851367 86 110937259328245 17 166169763915629 62 269856255019901 11 166056385574957 62 58185425775222 62 215645773949595 86 69885371563500 11 91666588214242 86 198924203784124 11 120131309167035 86 181746386201799 86 77487813399147 17 140470447241071 11 101291220279036 62 274467129984571 62 27331343896583 86 225836169211799 86 59465286246335 62 68099465140165 92 53154305508049 11 189582320632940 86 93402732176369 86 1 62 98631389923885 62 169813902651131 62 208670415671458 11 134916189433040 11 206237782459304 86 147716537468121 86 134410359210143 92 72429771912207 62 82372888780748 62 120220831136345 86 172990163169497 92 124841784093039 11 1 86 164018081195046 17 124868358949903 62 176557443732326 86 49759614918476 62 23998040238089 92 139560637241732 11 80100841055143 11 206991191982349 86 194291308348232 86 128264219058308 17 176451282376435 86 107494825619559 11 84973783823358 17 305183624683031 62 135531724355477 62 278491114970733 86 153960002877680 62 95756812784177 62 294801741987763 62 73880762441176 11 178183523100250 62 182452984549470 86 189183153858005 62 136205804834399 86 159739113833346 62 75941229355670 11 16672626632603 86 170685243860298 62 226203970551331 62 125274833537788 62 173853773387784 86 1 92 217263993164788 62 46245063609569 11 122955224073615 86 135566713895784 62 249829583595771 62 152033277798957 17 109305369186582 86 343026086586821 86 186137918831403 62 46589061044541 62 107404109841878 86 1 11 148278142189342 92 143197076796783 11 148378497779763 92 263098017481912 86 158328240227637 62 132312226035688 62 120476454341329 62 57512377040676 11 187588549657892 62 215045407224875 62 122816196277528 17
3 51
898833346176755 83 891714389015979 45 887318490353593 64
62617885407846 24 45746094323700 61 63241335066229 90 45381242983229 36 61135428732132 71 54390075882094 37 58843282134950 56 51287708008458 32 45038203861255 38 40166200022448 82 52694388492514 98 54247953589034 35 53647710655415 9 52851808857403 78 68967383279001 80 58273851294346 50 53231580725109 83 54588592109439 26 69277041298705 19 42981020792165 15 64291718380459 42 53665883140957 76 57999180562957 4 43136840415518 72 36592585660956 64 39190721126487 5 52624767695663 28 46431762330209 52 65104440234793 100 61109480526245 66 57442699033593 12 57516918700697 31 60753885324198 96 32295036454324 43 69032580065216 75 51172530898023 23 50977902534852 49 65965154689075 85 54017131420040 45 46917405229572 69 57929642446030 3 41379315928783 41 54772568433979 28 61681045687361 19 53527413111006 56 55902149173217 64 60358462507172 5 59278837860795 41 43282612182668 80 43991105744069 42 43176149441070 9
3 47
1632474579013711 57 1753585958769492 67 1707253989357379 57
38382475070480 67 67578081048633 67 48663958627462 67 137810113883027 67 55484569042753 57 117048757081064 67 8602912489550 67 1 67 97412004091627 67 78315805168068 67 109422950779852 57 81481576244073 67 151653746587274 67 160065430812852 67 130631781895631 67 32055188333863 67 67986542740265 67 110548018368029 67 119002203608980 67 152988232555936 67 119852672007235 67 107318167504766 67 78764682558653 67 67887182825251 67 70507282901255 67 99503195998516 57 167391272348823 67 121592343063513 67 42619657771262 67 128066372919185 67 109995533033794 67 78919963688661 67 124008259155384 67 79322886083701 67 89781292139087 67 15759893138842 67 23697003256492 67 248404962886161 67 47363276289670 67 35874034414945 67 1 67 57290221668793 67 163873055806988 67 164271190701382 67 101566628967019 67 146036375306478 67 129537746141329 67
3 55
1152484776906124 48 1143317696519373 47 1185565512312456 62
103596764242007 47 78215469359232 48 100736723984004 72 32817328601746 72 43864010702458 62 81995787440131 72 36596697956287 72 110108769409245 72 110676905816528 48 57189786293881 48 39591472705822 48 102994509789206 72 73509592075444 48 89321411097543 46 79260019620012 62 39094295394050 62 90598230947905 62 78434079469676 47 1 48 45048570562705 48 38753735161301 48 78860202982796 46 64357535261867 62 96511499007622 48 9804675366639 72 11370746408845 72 95918247089489 62 49473226258218 48 88487098195747 48 55348201763015 46 55417551934540 48 119404936789391 48 78460106537243 48 24091964043497 48 36780484461882 72 42603646349729 48 61725676871820 48 63284093408563 48 149533003251768 47 103207710840070 48 107814613421224 62 60439128517306 72 55949296060441 48 83793784404172 72 108984372816678 62 71271116605935 48 59047182564440 48 102572536219574 47 78207539357175 46 46944604859847 48 47714204734848 48 104165057851471 62 86227236648461 48 97929879737205 62 119278454341805 72
3 73
4991344256863026 3 4775541818691841 55 4873548679582199 21
121650590754110 29 321321982337535 55 207419799333030 57 216946412937906 5 306385590040907 36 152351747127272 70 244463779334213 83 191686078371919 40 222425937422586 26 184539408002206 44 169681251232734 90 105576081323938 51 198825271210115 21 286354699454354 3 153021159988476 7 193119312619271 19 287211360031937 16 228176714310246 12 271627069923885 66 145991047444383 98 211983505864897 85 269535673643031 60 150088984886662 53 203906531555745 21 243442990245564 36 135266652236875 66 280069366080187 26 136122484366376 40 189563416235773 85 101667915274396 3 237766896927769 16 208177268917909 44 127085174228023 7 201539402455237 57 209876579107566 5 122506114444378 12 236696560371576 90 195609085102185 51 158163065012064 19 286652166048862 70 177543901423693 60 187693241546804 29 240504078297488 53 270714246698349 55 203558434960139 98 227529607111262 83 50392696739150 66 84291392852764 7 234142265261426 85 224704544744186 26 128967356102379 90 256228955576520 57 200880722078738 3 196735081838321 16 186897291550363 5 177350916707750 60 268756393928911 12 239908751384548 40 315139969735195 29 181278630000674 55 214894842451626 70 148907513581244 51 231101238870485 21 67292757093983 36 294100283331811 44 97648438213934 53 168881699375605 98 184137852970904 83 30584597704109 19 202237848118191 36 208018309367382 98 174986760754584 57 228422966356671 21
3 16
326950763562352 59 327908264224895 45 331337443636404 59
57835733228978 45 64783435334656 45 68541542322773 59 69305243178731 45 56994721374934 59 49567258652459 59 66435644910166 45 61854966385110 59 56100089489942 59 60806639314597 45 56582129791402 45 69977955843358 45 74583848345323 45 66287704184299 59 58723084586213 45 66813531743318 45
3 6
512787920572600 74 557040285555444 5 537777461984155 74
284176501110531 30 273083285457278 5 286521255023741 5 283265371882505 74 282043664584335 74 286499983116899 55
3 59
2946794909255875 60 2908966387642843 64 2948155548994060 92
147329130073200 93 147341404841279 66 153313261595865 36 123788894277141 13 150672753134510 29 147500033331241 40 145795469289761 82 160751228660753 44 129228459507021 80 158749789402653 94 154221405282742 6 137437395056254 51 145959205294603 89 155903332982458 97 165930085378942 11 170634053061126 42 161820645222378 15 152359730997102 83 135487061266358 19 134917249180210 2 137676668384723 86 136596905321242 98 135901446609548 79 143331484754909 99 180250314496836 58 142377496908015 78 146824847869438 7 167158527137582 37 128117505200071 50 155332335782966 33 125510992244082 59 139696171464258 28 137970373304529 12 125821065680427 21 174890917176583 77 109216599550886 22 150226795573492 35 169955480830701 27 142048286226944 38 172279660670485 90 178435897548937 32 162307797470824 16 150642385351006 91 138336666966308 87 169975389959759 39 141101271678458 69 128448063388633 20 129562252633444 67 155398506944062 96 160890594598036 75 156321753604498 74 164813494215252 43 150600108439185 60 160415223007884 17 173124789580919 45 133210996037169 4 134225158169563 54 159289795548911 41 192036855962172 55
3 43
1818351679930459 42 1840776225758713 59 1826127107964150 42
170273401698281 59 116078172020192 59 116847774058058 59 124986375868613 59 139943124377191 59 131674422900929 42 110173306028376 42 113856829312566 42 138746126442008 42 132635380734203 42 172548497567951 42 102830850439616 59 131971200403540 59 120168495933814 42 102694477577507 42 128558863161689 59 124752479102960 42 131007027336645 42 132344512963583 59 164789518990431 42 143198583634848 59 130061349533568 42 125604346074153 59 153570370785236 59 115821917815012 42 138426565638082 59 132454282656920 59 149036440507716 42 110894561250349 59 156815442010292 42 151944826561285 59 118725990886269 59 118336934464960 42 133991347118670 59 139798390376364 59 138490882090734 59 129445203646542 59 135302272201294 42 139499949733124 59 126974604235218 42 120907635310650 59 106164900071845 42 132105606171085 59
3 3
73561021712887 66 54753453207643 45 114825640860010 59
47213908801526 45 111033408123766 44 116051317355974 44
3 25
832938787256473 44 884650724890274 94 878783730117974 72
110133503966914 93 109339598875490 43 99185148590971 81 95779615983116 24 123503880798373 45 96514047600113 55 82674200036520 48 106694165759657 89 82189428053607 79 140432840971976 14 112893365162908 100 116719041552052 57 140426504692687 64 108452076898142 62 92764381221363 84 106900513174986 75 119258160415213 22 132651288773352 82 108601919164969 97 101844949855355 56 132752976810172 29 110981628351195 92 107274707690370 96 79130760567383 25 90652516396939 60
3 25
1355730545367399 55 1463672085058883 22 1400859166922045 55
110089053994289 22 305534507429938 55 113645000980276 22 168685784256764 22 201552290862 55 136388399405939 22 97526016775694 22 1 22 199223534214187 22 157271236633690 55 152977082936559 22 193098549433280 55 198472523307040 55 189656789403057 22 281634510480179 55 207835161090694 22 248118891111077 55 203011607595494 55 215282553539191 55 169973815214889 55 122642401895226 22 1 55 256504616466806 22 55742132889788 55 104219609759416 55
3 96
5235182782978819 74 5063940314907394 74 5028749589089793 66
100370970169961 47 78785951786631 74 168777369389780 74 297124087565248 10 280961437715084 74 267749253411757 87 215408783150645 87 63452866932921 10 191755287160054 10 206190798245160 74 51980331215836 74 107928310716855 47 116355440547485 10 211541311608435 74 164437914713531 87 146945686917706 66 213295650574059 74 281588577565799 74 143749608359560 66 190773666779849 74 11000023955891 74 66727148536353 66 274527065635832 87 1 10 131621156142425 87 195737604311807 74 1 66 193038343476747 74 124103611640609 47 142062127752775 66 290267658824182 10 123919328239652 87 97911710207861 10 329014339809339 47 167219153042577 66 56772435674523 10 307124984519074 87 101139134635651 87 1 10 16017218051700 10 229681982399566 10 184104738560848 87 206050282434554 74 41882739161651 66 130944401725266 10 147916737718811 10 178244664296037 74 221977168288306 74 376488521281905 87 53988771609501 74 249304975628217 66 180405641488106 74 138937901430298 66 228876998748205 10 152138545689960 74 111434275592629 74 1 47 131441282166484 74 318861095265980 66 330063284815878 66 68030540223801 10 157328334015859 74 190621087110929 74 161840986333695 66 47490527799117 10 199426974174714 74 350522164030501 74 70646464531869 10 161149287203804 10 181857551528516 10 82519359661787 10 122117507020917 74 186323446977598 10 159945527259246 87 26442782752073 10 256378525208997 74 23836540939066 74 194495665181793 74 98020289968446 47 229356142956442 47 316668913819012 10 103153109060606 74 293728823780434 10 13143666453706 66 23763019187861 66 204757415425101 74 266252313789732 74 1 74 122750962890506 66 148748958097826 66 67469141582419 66 100757180375617 10 367878150584075 74 231143025263329 66 101026562862323 10 126799649900453 74
3 100
5060801585981359 75 5016317002131262 1 4930955149358170 27
106106346995669 100 46178059545572 51 117667416699785 93 195875501835420 54 74354732811872 41 342675546998290 70 148845129768693 32 47292513800682 86 218457250882411 57 233659402839070 71 199223106576825 13 265830653602427 83 264268406188347 19 126556698857189 8 237653724644862 37 51353468144254 27 232714999558730 66 210430185829098 79 62155454291796 78 83592911286697 15 177678678036375 30 137001145270516 46 24803561178262 2 452367314093485 92 157880471955404 40 270118332528886 64 37428717375413 73 35929517893190 65 60952965343360 6 280305488956974 21 138420896348901 60 189579610547059 49 71592393040435 91 1 35 101821336192333 82 138180961452972 22 23601793102561 94 169061736582332 95 56760648012401 34 292981678795811 75 159945407998424 97 158190172484419 88 146931187534722 31 1 53 138384260410155 50 153297890834651 85 118880305429257 18 301599139962174 25 184527816710016 84 96133032221306 9 273156675848588 98 58049909770184 72 272847035950137 11 233175784767199 99 149544144587477 59 1 14 147286357742728 74 119785158828134 63 333275049245371 42 67187386953686 3 117252571884348 56 221832426725800 17 186373047563862 52 8100224526429 26 99947312055993 76 145058804520641 1 100615895557335 24 1 47 128159336081625 61 29080486851267 81 210201106171308 10 83888215503690 28 117313670646017 44 79837754442881 96 110957046714472 4 258991218237722 7 137282678763077 67 242981449241234 33 1 90 62658648016132 4 57870313104529 92 62932285966795 65 291088008654438 15 115925861353888 73 68650026076267 88 169009481534713 7 213588139163660 28 176247187328079 6 205332798059489 22 6515312505911 30 144760783793516 85 10000465157152 26 1 100 264619928079349 47 186888499397920 46 244934198049112 49 110980280270260 56 284898701722009 33 175853936018592 82 295969003260043 71
3 100
2776959426799872 79 2726747719211478 83 2826169332487246 79
1 83 130891218654436 83 48369483999702 83 46811444898187 83 82999054681321 79 61978505030493 79 201503633352378 83 136322387394178 83 44220625165833 83 16770095642823 83 158115149728392 83 198572852485823 79 1 83 29122581209752 83 63349310111962 83 31266461610535 83 46342235529549 79 59089862521363 83 82484935391428 83 1 83 16222542547862 79 67139059131266 83 1 83 136089907342244 83 98131675961148 79 132257221138581 83 133486784006835 83 77619969958320 83 176692857642180 83 161454064395654 83 213637499421057 83 96576565088892 83 15176998352204 83 46653607637602 83 36696048649468 83 18459522723269 83 47148127032338 79 132439051269499 83 139870674781129 83 94065416576377 79 71710127429285 83 119530966168928 83 96003606339604 83 75770812674135 83 203411659926682 83 138363762246794 83 79529584655192 83 93430969263344 83 166011605230361 83 146225376572902 83 169502741280045 83 1 83 48401975533757 79 52540954884004 83 86694659545074 83 129847100427227 83 160694754779345 83 122868709402234 79 211787558920817 83 49470951356001 83 163709953769093 83 188506438950543 79 1 83 68489580390283 83 81283452919445 83 97783716800393 83 60690122310051 83 107616065956062 83 5036128798459 79 49738295062033 83 38825968130360 83 147052507161623 83 176759076767100 83 223566998471629 83 114571740437446 83 155644727390940 83 116122243550415 83 1 83 1 83 113433488405095 83 92516210796938 83 24604867691186 83 57902833090179 83 167487416376050 83 1 83 1 83 132530903536542 79 87443656618859 83 66040284441591 83 167384696378403 79 188049593265418 83 157714034431812 79 1 83 204733053942470 83 79808300651372 83 75181218764958 83 14514980121484 83 90573529866828 83 1 83 94025300297856 83
3 48
3079615375359454 17 3306593397805843 49 3271563204726973 57
134174840481301 17 85341587933757 32 147488556786358 17 177823708112602 57 72695705630204 17 201820081044142 17 258511930556445 32 269650114597563 57 163394189591007 49 168747949211004 66 144917675050390 32 277884470553243 17 176667865739883 49 185629319905651 49 181155005540080 17 160341170149375 17 165806932318160 32 88910801112556 17 201303874401822 17 261674463557135 17 145853522312924 57 207500240396619 66 233397723990499 17 290423702184838 57 158794823096478 32 110298647512849 17 159353083791310 57 227060857364253 57 257758439785221 32 102691791338454 17 167870847837796 32 226865828939994 17 345525693859642 17 149671670635754 17 235910687311998 32 158852436409779 17 124961923912890 32 375874825463136 17 297046967284804 66 248322180079680 49 119089233901311 57 433340593399014 57 232275617451944 32 108961755547756 66 183249385789309 17 190219249966907 32 237156311078102 32 127776801356037 17
3 91
2265342958366081 40 2232914304648530 98 2273926559571953 2
70427512844441 17 68350641301511 11 93364438565481 4 61784864374803 77 78930619800899 82 76052084124943 93 69367986637405 91 72330133014638 47 75757993062593 55 77036170129339 44 74127877203390 49 77359579460888 39 92686104759652 72 64268448194435 48 72626551280058 18 117717382464144 64 94428739971445 31 67648850037669 37 87901330943491 96 49812382267630 59 90947110127358 70 79962500991258 86 77582721805167 40 86565840709371 23 64384341210127 13 78653125562837 29 75064800195762 36 52633805672302 32 79952622532563 98 95733671555789 66 51016252066579 53 64943364172082 84 74452673306457 34 78844379764200 33 81795498613054 60 51502434515926 67 55187252730652 5 59282608243806 63 60724618026982 20 88295549635943 69 71849181468926 43 80208133355867 71 67121136034822 3 89128435672537 83 70756353345170 94 81073638261205 92 71342372726030 62 72725208962630 56 72505758626357 22 34722385676104 42 74098615014986 79 75432333366164 76 77654480690358 68 84492462674096 6 94784240718772 61 54626825463715 100 83052548680141 74 48881481687302 24 84649428084346 57 81626925351409 8 61990765759170 19 80888790750731 45 74127117753345 2 56327855352636 27 103393482392897 1 64792509673600 26 80629949784616 99 80870232260978 14 113451382345108 65 70536913181784 25 97601838111167 35 49761060945598 88 92033306526467 28 81613378445582 75 63625348167839 80 70761860056193 81 70039911460671 89 75625259036748 64 77747508129712 6 97666748159291 96 58875726247257 13 59927070978879 61 71041212732691 100 55925512522021 57 72508357602834 35 71249484055460 1 97863226730804 36 46993684878390 25 43957283449770 82 87162001127097 98 64984039685479 91
3 9
36083269131426 82 160373216383207 44 161912754086681 82
45831921012577 44 1 44 1 44 17816831195219 44 1 44 10054704304479 44 60428558581080 44 55581749948521 82 86701926697181 82
3 16
204274970586439 83 134248979178987 45 167656857129506 10
30904651328630 45 78258545435132 43 47716787815754 43 1 83 1 43 7023622216101 43 31468337713209 83 68681389475144 43 69197616178975 83 113299022996457 43 53522578495294 43 1 43 8301824266900 43 98554492963573 43 73590638729900 83 1 43
3 98
5703356251400318 56 5699486916716982 15 5668073234666178 63
72391313430350 57 114150241762589 74 193740779442241 56 205967724075078 76 141404964729480 82 187527218499975 13 111854467694730 92 147867589215356 70 99560967935610 21 143501279916957 43 137184844398639 48 149146983433134 97 116492749517684 24 122982811605913 14 170721303483684 32 241210617852585 66 153474257945735 15 174040841002578 35 177405347813696 84 180998590885710 73 166025970226179 2 138356182493333 11 135019101040997 99 228037273170726 6 231527970670935 1 187967712215183 63 117014548716697 19 121931761828332 90 153021875807219 80 151352803087024 23 174024741436741 72 207322855143484 44 236790630085263 77 211531847263032 96 236254178644471 87 128906475220761 34 51308932832262 10 150786584862711 41 291556252035616 18 192239748905110 86 250791862185503 18 209840215176383 57 195113982682395 76 80707985655975 56 128284857936170 66 220705853414722 10 194365074273898 44 210002035097965 41 245393699588531 35 173287977209245 80 236801395850490 63 243663705489413 19 178524656086977 74 218566180836470 82 166021706441194 90 268185649428105 24 162185815145121 2 177929665155010 23 164011066077864 70 282913713539516 73 104696923633483 6 169592047997222 15 172103528858179 84 163622628550415 92 153940862539941 43 145030797152423 11 169805532243820 14 192727516998195 72 164973407428431 13 136073146904072 1 161160448677062 48 158337034872729 99 58141353639204 77 203905892433528 87 197779382422341 34 128707149273545 86 198299727482345 96 176974757239029 97 193383062571945 32 178929267145284 21 196780493523465 72 136371915924760 92 106491069831021 21 147264820395590 63 146318823578652 15 168820043320618 99 158191755717590 96 181459094033483 97 187032995472369 44 221575642534892 66 137871895001713 18 288073624133995 86 154677412952664 10 181697770012076 90 246909635237473 41 114063583811393 73 202168143489991 23 229050279737794 87
3 94
3224229201524138 51 3242815521036659 37 3206849762341682 51
108860250991910 37 111234499288104 51 108430872063382 51 113399762058733 37 88150028145827 51 61805839433823 37 93554594116097 37 99149451446038 51 84026958892721 51 121726893504452 37 95066035936878 51 91413659836165 37 140074528436092 37 74683538034075 37 94677896934559 51 134167908101449 37 119602463931012 37 110960165768925 37 71218156891600 37 89892400442513 37 94337528339159 37 72288542317206 51 103609269786305 37 107734609912402 37 125333887347637 37 113756962814729 51 82916631467492 37 96188376528775 51 63162332126064 37 115605984356918 51 135361113386551 51 80749404634268 51 113474697612079 37 96082721510413 37 112510389267453 37 96166069049648 51 69252042026144 51 115805427524633 51 115802507113025 37 112343374314292 37 93414456448758 37 115432057457865 51 87108368436701 37 134712027245246 51 105672383331074 37 117639314960622 51 100501166168506 51 87609565386506 37 82898807734056 51 108636958022109 51 88911692675204 37 78210907246162 37 126655137257833 51 113603608087833 37 136118057642800 51 103932288698387 37 97529449987585 37 87172703613648 37 125705443589376 37 123304934654679 37 114945627022800 37 103134637229289 37 84382697806317 37 127123945953610 51 122249054114440 37 72637074038525 37 109497224390834 37 88206203763949 37 117176324740260 37 108892946936927 51 104284903571030 51 92684174495677 51 72625890117746 37 101719490469075 37 84179061517047 51 88988688244405 37 78854782850310 37 106786673880246 51 101894065596479 37 68960642746356 51 75774404748370 37 86297176302738 37 101251412397422 37 101370057715796 51 105380388510936 37 84548822774953 51 105511938826370 51 96185620810942 37 109469714245931 37 112557765870089 37 98204496419405 51 101745002262464 37 97452215275603 37 96852662088450 51
3 50
3958334945858740 82 4003500015712128 45 3866920368739710 82
88720346927134 82 221977714656819 45 274940643398401 52 291248102909200 45 281864969578186 82 284784482638102 75 346104280006633 45 452919817672057 25 324151816815664 25 351188198886820 75 234469486235573 82 282223215821529 75 239090764066301 45 122818476411225 45 292806567279137 82 229378104075149 45 286610160698507 82 187390874339536 45 194992214353634 82 169408758726738 82 258713521946798 45 235509480798862 52 310777331912192 45 298250451350272 75 156131423197096 45 225069093144080 75 150291983965366 82 234207096087340 52 275343950284231 82 287286965516722 52 280818381078439 75 304099270736642 82 281682133975610 75 222595925545826 82 93458790926374 25 252294135063701 82 207773256690650 82 284376415301449 45 255482501782528 82 366967135887259 82 280172732193289 75 286010413101724 82 250634421386522 82 250171681809697 52 293284082241821 82 323404668310771 82 238601705888935 52 173529743880043 25 225303662182633 52 264025779971107 52
3 51
2198966346555126 83 2202189931979242 1 2204428202306310 78
129010716315415 42 129204730575271 73 133013615524981 67 129827308649882 95 129128908609414 70 130161918575298 37 131851306657649 1 131339563189991 24 131895025189664 56 128395966546565 75 130197064721363 85 126170130663566 14 128231475848730 78 126763381358103 31 129085918004999 71 128913456591140 15 129018023002237 2 127108210567802 81 130371935936663 7 126897930644572 9 133353303523470 57 127576142821005 83 133490832745891 55 125331407089615 27 126911403340549 28 130944189436937 74 125580975390002 44 127756034128757 12 127448613009802 41 127066331168327 3 128261876140145 91 134845667214795 35 130320950931449 19 129759514056061 33 128728378622783 47 125510932395113 6 130691315911741 22 131905607483880 79 128869443767144 69 128612305775628 8 126388511198121 29 130599701198966 17 130847293148526 59 132646287680967 4 125958229736942 18 132888426452247 38 131464549033111 92 129291459796739 45 127737566257383 63 136189539825714 58 131227777048991 49
3 30
2750997560253704 53 2817046550811204 15 2973965304832967 53
287956589342564 15 240319409695030 15 362930950426048 53 322121679143057 53 262474686390835 53 351712348335574 53 250275493996059 15 316238431560984 15 287139256504802 53 218974342518667 53 213264502756604 53 302902613717018 15 271441847922457 53 248376283922422 53 224298041315332 15 195990347916023 53 266807361287711 15 180200792946694 53 204515754721005 53 363023349740105 53 214674207766619 53 341402849961003 53 167739325913440 15 256131252158174 53 245315843985727 53 334987510810916 15 372774555064149 53 259874943796940 15 266323331164602 53 383862947990973 15
3 47
1797011479169241 2 1718301170132867 3 1719154572946303 3
67146809913664 32 103310582046814 2 66796920016935 3 74524088696028 3 116845648901359 3 119810545232673 15 14130018288225 15 10872406299621 15 75398847850821 3 194440424160744 3 41405940380441 15 160133854596322 15 71312711486485 16 114878724234335 16 104092822030452 2 147021811492574 3 77698176131745 16 109916246270366 3 124257996435993 2 114018097411664 3 72775469774021 15 58606489372394 15 25604204549560 2 138890265771608 32 147269247987477 16 141254954632460 32 96611913396113 32 133111502986528 3 197597358890953 15 96185631636735 3 29283224553732 3 192956667572579 16 113933850364440 15 122581454420874 3 110241099677848 15 164644253056740 15 75747373221339 16 116624006338138 16 147677727454324 15 81330019669086 15 138161938541395 16 139072781124922 16 87889074266994 16 134381134535618 16 47542867381663 16 96344393574501 16 152673773386040 3
3 54
2341099897835634 94 2309070208170711 14 2277920903846307 86
124940047155335 11 147965427057969 14 121118712079104 41 152105460501931 60 83257082200084 99 88974701295757 89 118728288629030 62 156912969678560 32 116369614982867 94 158100486465464 86 156371966101712 28 169583257989788 49 121476248347216 1 67502427441469 31 146720842962289 53 70390210129834 77 141118544527764 14 151441035501518 99 114648809909891 28 101236095418457 94 132549786260323 31 94735539096855 86 132388245021931 11 163832825561724 62 152913556341795 60 111623239803882 77 117203462474224 89 82473690624040 49 148579146626326 53 166048309762279 41 105064249590950 1 137150590111214 32 153481287669790 41 101719023892607 1 129518739810167 94 132225069161164 89 133609428357389 77 119226022667917 60 62186181975476 99 137312227358535 62 134699137288369 11 117409376497215 14 110305491016531 53 131750148601448 28 162896710326303 31 130166376174211 86 132205776379193 49 187013984297855 32 127494700739386 77 128165480061799 86 103492666540490 49 120828775926975 60 158576266606058 94 80250275601579 62
3 3
378626949620149 67 144176821915504 17 69314142484716 67
221324254195347 67 1 67 172195687525384 17
3 3
293175138659226 9 240748581584214 29 238654537744283 24
291274779301729 9 273216967872564 76 264039272750750 29
3 5
494784685389018 37 412227076671968 46 415098416753054 63
335081943248236 90 261183473312221 84 262229873413255 35 268426971874128 45 282593331737843 52
3 16
500553774345335 24 460093704523381 88 622734749269921 24
30162579979237 24 56737276722525 24 114211594511736 24 180178563968744 24 128493702829772 24 56098775865784 24 70281490860955 88 77856142623672 24 117726867826750 24 114881945359691 24 82444276408269 88 59406900703018 24 170433439159113 88 62360341019276 24 39602410987460 24 62688737768076 24
3 50
3003715174851753 15 3012118996109584 15 2993148799498375 11
179427177296584 88 184687830788589 88 165555320996617 11 193785897232563 15 165211149852421 15 175239175126756 52 177963096457329 15 162075230090295 11 186106080352681 11 188767600690257 88 177839541315520 52 177606778651956 52 189166651347638 59 192719539727832 52 163123728667067 11 177663434843213 15 166341163732339 52 162518798140588 52 196839702086544 15 173081019227325 15 172896383852984 11 177794034223305 88 174914228662454 15 182009426670638 52 199520151307870 11 189734321016614 11 192161576565363 15 183963719718681 52 178367492396322 52 179762926789791 59 187821819429981 88 159108038427049 88 170937150812184 52 163627731382766 11 180012913467646 88 184197283486632 15 178219597048620 11 183563469718978 52 177363104288111 88 165133590478096 15 183013928756618 59 163366644854651 52 177904906311859 59 181854097549778 88 177294205485969 11 187746595183619 52 177142701603323 11 171074828345536 59 188017938108986 88 198003125306189 15
3 15
10417779455039 73 102006837169350 7 11577744227620 8
52439000303038 79 43474627065488 92 49367167263456 37 84187297788803 27 1 84 123237071350271 35 1 93 71564265580896 7 38060139794210 22 2277716682482 8 1 73 10835626723381 2 38851490622094 44 492511679470 28 1 69
3 15
963457931006255 17 890738592816386 40 1044127837119600 17
246665519349036 17 149148232345132 17 112638153989965 17 122349900391639 17 205577987461611 17 323456753082581 40 206084890206903 40 157091717416970 17 170560801534179 17 175671738055361 40 210696359300102 40 206077128426243 17 85746555531908 40 177497190707005 17 152866744740660 17
3 46
3029851472467107 20 2769297818800104 20 2966328239222136 54
174663324107277 20 329040735565720 61 255359617424903 54 172670090101754 54 62205033092883 54 331028102885312 20 214569947383063 98 216080077683394 54 145090606126527 20 322249590804054 20 260234201517837 37 248169285427557 61 83601062006145 37 217563625095900 20 63358957645528 98 125807028616574 98 201285469031656 98 226446264014955 98 256347635328581 98 204773539289461 20 152225787843469 20 182321776740808 20 45046503173534 37 208349010642272 20 199826909059790 37 260708843757311 20 215625523292520 20 225808831001383 98 92094251125969 20 342230514935028 54 176666673841094 98 246341134466459 20 102742373692015 98 235304494402620 98 111451248657902 20 189963248702657 20 152191920572544 61 181755348145677 98 158653986358603 98 242849173577179 20 187565669911909 98 235366673121246 20 121429510696200 98 214166108646635 98 301942344729752 61 158642556608138 20
3 56
582444050386218 57 580278839004785 9 580366246114241 77
34019608743758 44 26322157948288 65 25411004434211 81 29936218002751 64 28310683182474 54 31452929997518 29 31146159617197 9 30689254294291 41 24698675736145 5 33579820772275 97 20593294944233 96 20845424629484 14 30449717961989 59 39914596483759 16 33069939706342 38 37348208415801 77 30978693679378 61 34556993922186 79 28052632158758 51 29513506992632 4 38672288205916 57 31406090942104 32 29948917870385 67 29433126174241 27 25426588836869 39 24455637251031 45 29789053070484 43 36529368994199 30 20892199790455 58 19085716230682 93 33490452270616 52 32770013644355 69 22185147208606 62 34290254499606 70 26092918826086 85 24926464108292 68 27030528059983 6 30727696309226 26 23905062601051 31 33470426608836 20 41502636858435 49 38306749662096 47 35523509808915 92 24653108011094 86 36352176392580 40 25373248774318 12 35959513951266 15 28749664161264 2 33014573584271 13 32245193009695 48 34512627149725 75 27999070444046 99 33684309467089 7 24700312063288 98 24505744256218 94 21270550548441 88
3 41
2020529563950792 20 1998837030723955 65 1989035856098425 20
211653906245918 65 26304631969234 65 158608779916732 20 81379649130484 65 125141736150310 20 144127241909705 20 161185695191791 65 124763355150491 65 237613926562794 20 107211303265944 65 161405356397425 65 310029581253397 20 232502952211733 20 29218176758188 20 132090741922370 65 129396244860930 65 43784895669140 65 178301246085477 20 274869302539655 20 118192012514588 65 161744088019224 65 63618082700593 20 203376589076329 65 178971719883487 20 116184598613012 65 107447950752059 65 160610631933252 20 115071781686278 65 168411344200050 65 150910887414343 65 26177280397763 20 128847262375200 65 188045781338814 65 1 65 359583536034205 65 62804445291422 20 202256483921055 65 189109226933247 65 192526535604766 65 177379611830202 20 90008580871988 65
3 40
766753249456130 57 752583825755662 57 713060229015619 77
60496933345000 57 130199607401179 100 65742279009907 77 42251977244671 68 73884201788311 57 35155817549964 100 83784655176471 57 105455087311493 68 77775819465372 57 1 77 92442736284954 77 149614613478501 57 93009041193787 57 73991875528725 77 67443533220833 100 1 77 85961982875017 77 3584536862952 100 37318195416963 77 111414898685080 57 30773729100064 57 21596300126470 30 27211431214237 100 1 57 1 57 46795224737144 100 10323791812595 57 118649826902814 77 51887410520069 77 151279342105713 77 108552404629332 100 69570742469992 68 101584367718263 30 40379866406705 77 44754072240547 57 581404325464 57 36300795440829 57 98036966630513 57 64146693177430 100 140897513379412 57
3 33
1640988461721830 61 1807054894400825 69 1657777334233356 45
40307718349675 42 127506613352256 55 64905966963510 89 133718908652301 64 178814778608499 61 134637458878580 65 178641521899493 17 131777979283673 37 148124584806960 26 267976763564782 74 294757434194905 46 280888541285745 45 223664540647681 28 185588066781784 5 105996548663417 69 311794135404471 81 30114027325608 47 165032524167497 36 103881964999431 18 1 17 1 42 208543397018923 18 131528073262280 64 131736172787085 28 232517640600797 89 108538156105809 69 259442870269493 65 99179227568148 26 106719074161872 46 252920885625884 81 183955212742707 61 117243131162282 37 67837375063125 55
3 84
3130512453140072 92 3331335137263077 38 3218771396215897 92
91065916084586 38 68362641293917 38 297272224616655 38 1 92 227955346345191 38 1 38 67268015020337 38 1 92 120491494094511 38 222326543932184 38 181281807473822 92 187887157508887 92 20448113536316 92 181980856952968 38 1 38 119163679181504 38 208202308701881 38 180674206226640 38 137225900016298 38 75092047441998 92 127772971385377 38 111630428966440 38 189616652144249 38 109080743382990 92 63783757236247 38 105922715413867 92 1 92 53323066920955 92 15675669896435 38 101118739796303 38 134066483026130 38 160814529641289 38 226029660993262 92 371987059071285 38 223610240492571 38 37468071710458 38 90740499232077 38 92971903460365 38 1 38 278354301213074 38 130222716136900 38 238207900308939 92 193553891094397 38 23897124905852 38 276289867287557 38 147416187213141 92 53106622148235 38 165553082004415 38 162123867282633 92 43841763116320 38 247255328703095 38 4558453227741 92 131592938470546 38 121732128872621 38 78353647598947 38 254129152063867 92 260887726427579 38 295412766675254 38 74537720855186 38 148715861816438 38 241397629259234 38 99997202570041 38 143254825723885 92 137509650287608 92 105314102078118 38 120993713076506 38 123400528632676 38 99547969440056 38 206486670491845 38 35352108011641 38 220233107699779 38 269182851932811 38 135083020627003 38 66496600462133 38 165106241455899 38 29514163325451 38 1 38 30352666976198 38 145536633303736 38 106600656466540 38 117002371473285 38 212635915327087 38 50482019622889 38 263545824737767 38
3 86
7429733700080515 58 7459194156553731 7 7435435707855299 51
259169437481749 58 249171675091436 75 255944519264607 7 266405688882015 58 261235417160122 7 258531362162711 7 236575700675026 58 260588173033071 75 253707939251510 7 252710842980822 7 273590780499631 75 256893491980074 75 245075343679306 58 270215526714137 7 271137125603903 58 256776339159127 7 267879743745262 7 273482552298554 7 276674694016432 58 265362829749844 58 254267560443579 7 262301473258268 7 259910251122617 58 270340639098835 7 263483862259980 75 259478129276577 7 256366877429369 75 266408145606908 7 259227785704763 58 271759249659786 58 251316119388018 51 243551717251425 75 288706631484886 51 264502173283397 15 263457532539995 58 265647855618201 58 258311790415328 7 242822553552578 75 258578538862624 58 263769517839003 7 252402012160938 58 256207488173348 51 246222354939460 7 261626569160157 7 260702630439448 51 262856588690343 75 254992439345288 7 262716209503026 58 259983781074981 75 266766847315895 58 260014951254774 51 252125301075751 7 263382571058574 7 267480207597033 7 241812199220052 7 265188176225334 58 256544253477105 58 247910433403942 75 269140194270880 58 273737489894655 75 257751458620026 51 233204490574497 58 267748193561709 58 249982392327941 75 244224579068407 15 250552487063897 7 260897477697761 75 260590282316798 51 264807446406216 7 257157695938612 7 244093820792792 75 265689065447185 7 265178252424353 75 243017685504334 7 254288399498274 58 250345855986627 51 267636787364587 51 278132035872543 7 263326758967346 58 263748034104811 75 260003606301909 51 265069330532430 7 250686157197320 51 249681641670698 51 271238167399229 7 255442690102533 51
3 24
674124135960015 97 640852998210624 32 637981007751076 89
84654182627946 18 88558823984695 70 114028048867311 89 103426118465330 63 105052827188670 97 55880778933853 79 89588654405468 60 96374056121098 32 96980301941873 76 99602221720109 75 72020409176671 31 39203132936189 22 65386383439054 31 85234483968149 97 97256506073565 70 35439396850781 32 151406970838609 79 60802014497759 18 86948062804573 75 59234088094058 89 80246738277587 76 112083375112561 22 39402844802048 60 71815065220856 63
3 21
1532505984800181 34 1502657850284403 42 1509496633627996 34
220062903983436 34 212024002871391 42 191486747094028 34 219293172137404 34 227969046136185 34 235316416240431 42 208840840306000 34 187275053147994 34 197692787275034 34 246225442723586 34 229949107016210 42 158308397055597 34 200430664658019 34 254933737182312 34 214255762791043 34 186632781547286 42 216182583416736 34 193757665432154 34 246353211254977 34 245620553455756 34 208684285929130 34
3 55
4360384638774724 21 4304251348800678 21 4312520719625085 65
149406244470213 3 256403631070462 65 358627275929337 65 353793351392351 15 341054212265623 21 243979137827772 90 292883093477051 3 415747783759205 65 232667600186653 15 286005044720919 65 387624709612567 3 349026614656727 65 313825869209071 3 138837625597318 15 259244719646251 3 281152134059946 65 182750261271161 65 288312922028245 15 167036209202334 15 302026430957695 3 201031491736981 15 144823356445943 3 268386652142923 90 226581241050532 3 271381515599376 65 133347725987395 90 129768845583904 3 220135107987011 21 319260478343291 65 260201810808113 65 321624637020546 3 401273045804546 21 234721021616857 90 329951940611150 90 167661168198172 3 305259722769208 65 254982142276160 90 168635501644664 65 170284786984011 65 234112301294762 3 176928335077939 65 398588681455617 65 80682053248648 15 215046416542541 15 198261885949574 90 82155378808004 90 170576285737939 65 323275009435513 65 257083998282168 21 324830542521452 21 232709401097870 65 352136314923326 65 82900457704877 90 205189440190539 3 273529624484373 90
3 41
4023907008394060 92 4024754999341749 20 3980480426201460 45
338401890122001 45 326247555901226 36 216151098566417 13 322001683626175 93 277065962246604 27 350386215311805 37 271089020445190 74 276852539517590 75 259982121021226 20 329293764724902 87 278084658943939 80 228665458464465 16 292272140526545 92 286733369814262 54 276459406112697 92 296155018423768 16 280062964863168 80 206301744056621 37 289386610690999 93 233797379557404 13 367332196262702 27 278119633486308 20 258241077736165 74 311142786060639 75 215397445972936 54 281110817708351 87 322865519601280 36 240357438539610 45 337776349811319 20 319939921295812 87 262449491157982 45 307644203746098 74 289742973033206 75 243147240617956 27 288926951085709 54 237291465813018 36 226508505851716 93 262135837353612 80 274655189705167 37 333464675310568 92 249177902822381 13
3 63
1455170989637218 16 1500649898915412 59 1485147535626840 16
63790556811561 59 90503413073269 59 66998240066419 59 55828937703781 16 63836262324903 16 42023442607712 59 67794309813935 16 58354859187494 16 85371758986759 16 79114580518181 16 54771423095228 59 90528819267531 16 69495796075285 16 64616290708762 16 83487607239164 16 59072699035826 16 61345134758065 16 63610261728258 16 70369174692442 59 77075653173954 59 71034879727643 59 64870768880234 16 62664960821326 16 91286152856726 59 63542906793036 59 74819717304811 16 64347206941878 16 65666039442514 59 60424886832216 16 55889440571139 16 67179824804426 16 65632377029348 59 77437660252652 16 71607082724720 16 79714029057050 16 66651956261492 16 67729653414229 59 70453314462418 59 63026835214324 59 62763253826949 59 74082035329143 16 60146284697320 59 62528803837396 59 65981072993697 59 66859577116947 59 64783011055440 59 57874280780626 16 74300574617165 59 66892221483259 59 84167117496748 16 94402288770021 59 97955072371304 16 69964949430066 16 80452993134659 59 73081922946720 16 80067692256095 59 87125294546020 16 79367196567837 16 74419305825785 16 81939628734818 16 51212952839463 59 78878118706461 16 81277473215923 59
3 16
344711035842954 82 335895197637435 86 441824498803677 86
100780624675775 30 82204558812233 30 121148622877572 13 1 82 80215397925093 30 1 82 37905686466369 86 95056937158769 82 109481075018620 30 107025231962012 30 145655566535796 86 1 86 95339257505296 82 38200305266518 30 129246713888537 82 1 86
3 67
1605824464933515 22 1697296861935919 24 1538481207281324 6
63462577720570 65 97169130157519 67 4880317844972 78 154718853360705 5 40085317577425 45 88469632730790 53 33646383427231 93 218671858181702 77 47647379255476 80 1 44 1 66 105570763449649 16 90202603135258 92 1 30 28770187356112 76 174348935933988 42 135747875389211 2 15464147522086 73 1 48 138509412494673 3 1 32 168993845993644 36 109031599208900 56 124157953404668 55 81319375890480 79 149645950611160 47 336250076883720 29 11566889811744 72 40445857839750 12 52524921632464 63 198657864723615 10 1 88 49792181687802 51 126616706688649 11 82240841248989 98 22559743735444 57 241979268293733 59 184050503227936 85 78145210916257 60 30465957436012 87 124549204132215 83 128524584200784 58 130304674382816 19 220492335178643 94 47776169006625 20 138819238644209 23 130175453151669 8 15934094608149 86 80668553648740 14 82303993658185 34 79703382472618 21 19144058477968 1 30574215068168 43 105060476131553 22 45737169328968 64 322506899659594 54 156007682615645 33 20624580940928 15 105225416360579 35 139322441753545 69 232521359893670 27 1 70 29716438757522 39 140753064733269 91 141704335867012 81 22413977264032 4 247586531092037 24
3 96
4233615572317451 70 4153216940506923 31 4308973496452902 70
240085077804431 70 2133219814189 70 193294146078642 31 197366063177717 31 67379040661849 70 160929468612801 31 1 31 29022604819630 70 31773318946859 70 42370328714302 31 200199561559294 31 89047628278703 31 107282872785656 31 84759278646531 31 326617715834614 31 121590818218080 31 87155784104634 70 126995994304509 31 126950771438303 31 165516774744223 31 65304551003015 70 248721053614647 31 136863577619866 31 203771240353438 31 181054686594282 31 237345748474407 31 45172219312044 70 72071269742954 31 204155379370555 31 149874876433486 31 1 31 113954587224696 31 96820227743567 31 164517226361251 31 264414894830324 31 205812452962035 31 99860554210975 70 61303124339882 31 186072916874313 31 132480505695052 31 121710410336940 70 6913176586528 70 163045160326658 70 65789808778749 31 288131747402139 31 216163247150538 31 153970161096332 31 314200123101610 31 197894988916946 31 65021449102097 31 184153068127110 70 116042368520602 70 157055280422010 31 90529465108579 70 125449132223173 31 157334802940672 70 200896506606902 70 209665921428796 70 192150516276249 31 168745743835100 31 140979186882741 31 1 70 158220737134590 31 194673853549255 31 140739016940051 31 115169823912083 70 107930318851511 70 39493552408923 31 211733924831553 31 256709568569248 31 30388809354284 70 60233470108647 70 61001848100483 31 130310909828792 70 106307461605794 70 198139256182809 70 43953496579122 31 175566159165781 31 145802203254804 70 270083330652276 70 115797656530708 31 89629322927073 31 35227256346487 31 158527729259802 70 68566537561968 31 270708878772648 70 114780672559963 31 1 31 81381948905616 70 320728642845036 70 38081308666335 70 182567598539397 31 304871119147508 31 41791743187046 31 1 70 116409092454792 70
3 35
1261063540079830 96 1014102862508882 62 1037009482022002 96
218498730868866 96 179047462770480 96 166611113339321 96 37151457807592 62 67568071621485 62 27824136809076 71 74996437209733 5 154296185919942 96 2296818224965 5 221429585673838 5 1 96 295675940046134 96 169702226283077 62 184264705813185 96 74763621459040 96 40869784273831 62 1 71 98636397687287 96 145329248347897 96 97896048820538 71 91577357909199 56 1 5 231554802308985 62 135643703903939 5 64512610850457 96 241213481857580 56 215091950294173 56 76200401858463 96 244099915918144 5 95081158683435 96 204546564511807 96 127772718725428 96 200291314502634 5 243497482192449 62 194925791282646 56
3 83
7627211055682624 51 7596594281462621 15 7602363332728344 94
279727984736495 61 263228092710039 83 300661015364472 23 244775397041033 77 334240419767722 51 327179156882634 15 299433111031578 94 306044857150401 2 298088948375950 39 338256533831879 81 204660726066053 16 308638464786957 48 340056567751286 6 251821405822400 36 289593143862300 35 256624388219772 30 212989784622393 18 237404241048433 60 305637873903425 26 266388660203519 75 276928631755295 29 273908950990312 79 339197976026758 97 296108818368354 22 339425707050336 32 341943664225845 17 311879221090093 59 249095346783786 29 270843855344284 59 283338644188961 16 256749854751275 81 309114198973085 30 237687579112134 23 243112659817758 48 263841342748604 77 278164026575205 51 224143381741647 61 238237968157177 6 260632319833705 32 288130624372198 26 299124057037063 39 242720270112454 17 309187097632568 35 276631481910617 18 250653366935832 79 237323724930110 97 270474787433942 36 237031758726628 94 258473071856982 75 282666257551866 15 279051906871654 2 244305799117549 60 283332392018117 22 332984614174513 83 314023902064137 18 289234150647922 97 316580906758259 6 258929775033839 2 270972435182236 16 295629946301476 77 291685329341610 81 298218822190928 83 266340111511917 22 252028253189637 51 271917555382347 79 282969961884888 15 257364666867024 35 215504639739767 36 300489654890427 39 285164965730423 75 216023031791356 29 339443353626145 23 303420299742710 94 286430041666577 17 315548498416514 60 233391979405068 32 304556158741321 30 262752612437700 48 317859177978542 26 243819968100590 61 266877530163858 59 326653343836800 83 223043269199371 60
3 59
3842154581646722 73 3832490918246660 1 3833712298011830 73
201339144220853 73 191558083554134 73 185441492898788 1 193170576041445 73 186406370791209 73 196968993992581 73 205131721603659 73 189203054707060 73 200768635415414 73 181813270999128 73 195199983091263 1 179494202956037 73 204028792732992 73 163702801277721 1 192540931491138 73 187224915089362 73 192954514224118 73 205954828394494 73 195948504956732 73 204883124213349 73 198441810167654 73 216907937786646 73 201494986924344 73 190073850059955 73 193008638952512 73 187403694026122 73 191105379355228 73 200923524556456 73 193317819618731 73 194278289008495 73 189753534081578 73 184782926671933 73 187463377864427 73 187067465786762 73 194000490277452 73 193524233702058 73 202070299134891 1 175384805142513 1 179290049645635 73 209909414321552 73 204117752826229 73 194859099254392 1 181695511988962 73 202081519954941 73 182119890441200 73 187226305813900 73 193723592217222 73 184901143930933 73 184149015363332 73 202341255379048 73 181637488934949 73 179819987169438 73 195386508771512 73 190160042474981 1 191124969243703 73 204656714853501 73 195693782249726 73 186506930449676 73 201900803796377 73
3 59
5066003412765462 22 5041586471268573 47 5070060860148408 94
259330533046072 47 281934759574436 63 345336981448055 22 319398864673323 7 88114891816755 63 301370684179273 7 276690208389371 47 144881998264272 47 340715123840488 63 262017018501160 94 227163302028777 63 313377169361762 22 376278168680693 63 228557207996711 47 385757857785812 47 137279477797654 63 306057857352067 47 194575005456940 47 359680513220044 63 348262511001848 22 293951306796150 47 356313076632066 63 245379956842757 47 229473786349977 47 464530253828809 47 401887027477111 63 210904404275697 63 90124897975509 22 292682530573545 63 389762397563496 63 271217036225333 63 294710480973101 47 226359089512300 47 252497706286755 22 213493431117542 47 268467557214691 47 239802612968891 47 296791437097915 22 327708513505036 7 214945216566747 63 176916529599844 47 265656108337164 22 267441827656929 94 153273363665829 47 352816685124041 63 338070540138643 63 309356365830269 47 345607335686075 47 158413488943839 22 265644217347025 7 209418360047477 94 313701280368800 47 235157172715182 22 159103287452999 7 273431634147407 47 176506032540331 63 304461090787684 63 281452287757463 22 203979978779125 47
3 56
786060825645761 96 750140225450929 57 814155072268225 24
36595177694009 9 84784228444604 98 14478556420789 25 51055077354764 58 5967211556493 40 73847708461327 29 39186505208994 76 2213316146632 3 125574086041136 75 97095377185525 39 107591064848721 12 156262130856462 27 25308007651724 86 127049931756444 15 87060297829671 14 1 85 67991547242062 34 21209817432351 24 47174037331538 92 55734428835246 1 13682587207861 21 134918711359736 57 49464908996267 45 76991219515655 96 22601536085761 77 106988359301648 6 25316445594024 64 56076586879056 98 19574520548700 12 81659456562479 75 24112938461698 24 7374335466939 27 54956579433304 29 23849394077643 77 23127068663791 15 23257313881833 39 17422737680001 25 1 40 123139577322882 6 29446061445998 9 5298460937565 1 54761602821686 86 72550967725626 21 109737460648141 34 1 58 42934684482019 76 1 85 1 96 60005329811675 14 47784118244306 3 32683383943205 92 84903373453479 57 8087937385789 64 30807830841590 45 11556003434220 1 66072323105196 24
3 43
826191744750342 68 983731087509533 61 783800055360183 68
81632391621233 61 90211318171081 68 212925702650291 68 38659488271661 68 32854942290491 61 1 61 42835172175440 61 45486031899737 68 48943621832809 68 21120811150992 61 119014949330340 68 1 61 151413714905303 61 90075425245517 61 1 68 96180226831096 61 95447624754759 61 1 68 171932397153293 61 53135421512255 68 1 61 10336056148678 68 80027725157931 61 12296756232905 68 1 68 22295835573075 61 47314277301385 61 61254258090306 68 136146064690460 68 86339483225463 68 85105948783840 61 31685998004331 61 156628484079348 61 78394509422621 61 1 68 84030525967160 61 66757892978044 68 126150050576917 61 108633372542224 68 1 61 181905332432788 68 101075081616445 68 22952389233708 68
3 15
268153415573540 44 185582020530011 76 435435546345893 76
27546349923338 76 74201415346779 33 223262169110443 33 187605046520283 76 68942460561212 33 1 33 1 44 42823330765699 76 186321550399072 76 123062091068428 76 1 76 49670278953191 33 1 76 109802017999273 33 47704964616690 33
3 52
3527897451049639 10 3475647324939506 31 3538857747545208 50
221114953855106 10 232172098058777 50 224697117227253 34 179146378444509 31 185906288794425 34 186031256100960 50 149355634660802 31 169470029681161 10 178881755104012 10 169068299482506 50 163236932381781 31 268672661655463 34 195693037413539 31 171130959800819 34 181712091791183 10 140837484529867 50 126753993261104 10 186629277631600 34 272371134625013 50 127827466289042 31 172023832427942 50 173950177735805 31 134990451454065 34 220697160743898 10 154831498749447 50 279024204630901 10 204169209195930 34 228387491033594 31 242709815164633 34 221234621228285 31 236308599436358 50 187475923943364 10 175315015435312 50 176219665147705 34 174825789578842 31 211706057732196 10 212592172958827 34 148065226569961 10 192062044773538 50 221993253461418 31 216034142466538 50 163142082387774 10 281855366435745 31 224714179131499 34 135737642299555 10 201734155839810 31 269288774896906 50 198812837573255 34 268119516630331 34 276874013507826 50 153710935538376 10 122527063507759 31
3 38
182053073757454 64 220014102905280 40 257050978492001 64
1 64 28923779240257 40 76335863921934 64 1 40 1 40 7732025604969 40 1 40 25636394908828 40 1 40 22675861248277 64 11437647303819 40 1 40 130850432665550 40 1 64 12134925403620 64 1 40 1 40 1 40 87742571344127 64 99233172789712 40 1 40 97247150150770 64 156726666248089 40 1 40 17411570930141 40 84321570134797 64 149968629616184 64 122962859905404 40 102786156341082 40 1 40 52181689992260 40 1 40 40682417129904 64 33538136920795 40 1 64 1 64 1 40 1 64
3 69
2637374432933751 96 2621981147513298 74 2552756647033183 86
102043837528145 100 174478229857819 74 1 100 168078067216986 38 55415620161614 38 375206321500326 74 13005060350355 38 60518667887579 100 58467935566016 38 175295134203195 100 149008789291950 74 106453128844129 74 112980595838343 38 199751629805335 74 140855340504581 96 31174864835342 38 43718905109 100 10735202782527 100 102088752524240 38 78300447828683 74 132955407174057 74 252084830978294 38 62253260765129 38 20510245190427 100 101776653796942 38 151502879179252 38 92512890162175 100 193627764015910 74 1 38 279071422515230 86 73449647737847 38 93086865871248 38 111439763684604 38 170167407215041 96 15797530049439 38 64291495048417 38 135895403938823 38 132557641501763 74 159455288245594 38 88434791596560 38 6764753276413 38 156009030168392 100 196406318324063 74 121846385910708 38 1 86 237411669186015 100 53373603752671 100 1 96 264733977639234 38 212250170563035 38 37032442448809 74 127514163657183 74 76155361083649 38 91796726324719 100 13566743142558 74 178163089714029 96 1 74 230913522672420 38 21540007827508 38 7960372358650 74 160043628443024 86 202792590865192 38 108534597143129 96 7272001236086 100 16703546633522 100 155664847768033 74 150010145955292 74 112702229855813 38 63646409028681 38
3 98
2926297860244045 76 2918042081606147 87 2858064556687315 53
109136056439943 86 47059595457777 1 83984116956811 10 63162646022941 32 44673262269051 52 93773793771895 61 62591330019335 30 101515929910589 100 72899707779627 15 39950744895090 45 57012901823994 73 147046363101237 92 125370604771192 41 148773289865875 37 117292360111127 21 129300982052618 6 43012823443213 56 88242680010118 75 113441018706045 36 27856625160417 67 45629642700286 14 60881556038713 31 116827184491803 49 106180803350406 42 105369348667278 90 100767930259503 81 57839920931503 83 46674981114247 99 166126198711684 44 56589185931797 18 96171437804267 69 65991861086275 17 128681600499663 96 101681381510820 87 68625998626487 65 97752018795546 79 91223142372697 50 57723447830272 29 110129902446175 59 129548465563874 89 93450970274700 40 105941070326838 58 72187258017941 80 64005203842356 3 101188786126575 77 95303896770773 4 99902950808261 53 25436574727453 64 126198564981143 94 145331392575112 48 69320125519280 46 75848917004822 63 118502307884034 34 73268295424032 71 123586117360575 2 79796801451195 62 144252440681018 57 92149507449763 68 144588725880178 70 91263759526418 38 45371409100148 22 106982448309894 16 35302764672411 24 84108134658615 95 98987157099045 88 101828610429165 78 81493510092799 82 136860311715182 8 71298114531954 7 82220229897371 12 44934097463429 76 42869595414606 20 77237525182654 60 89999433154089 85 80313137573722 55 85728650627216 47 75591642415063 98 52497534722584 43 56876944452269 54 82576876812110 19 71596247236590 25 85690719351910 74 41583840222080 9 78039696628381 27 64703303024023 51 45302580200367 11 87539714649264 72 130587113703399 23 118421904667441 31 78958235367643 63 97315220412974 4 88030692849178 80 94111852484670 49 27977387624948 98 48786796461796 76 67802265765242 81 47458148195203 61 152405134345603 88
3 36
508199279312095 24 272938590671828 4 363446739637573 24
1 4 92601585571484 4 57082253293644 4 151091222408492 4 118868846224411 24 38258138926318 24 70783755157468 4 245793834643375 4 160532190470024 4 1 4 165996654257660 24 1 24 44090800195395 24 101932229423842 24 17151623695937 4 85901080085249 4 57877089104924 4 22082339994605 4 1 4 62142594780172 24 17306615990240 24 20789577546244 4 1 4 67757315933872 4 62854124772054 4 188448334606484 4 1 24 83066358936719 4 75132915484157 24 1 4 1 4 35340890671707 24 1 4 1 4 55671414610875 4 44218127457089 4
3 94
9313667492721180 34 9330211025703112 28 9378995993413152 74
249646906359934 55 318662571516050 55 271667252304338 74 295939269417810 28 311383192532808 34 303729095540220 28 321275469127007 74 304137223706164 28 274603773873166 49 278951610484629 74 296492135730182 28 337503044750058 49 292625285043848 34 275665803238652 34 265054102778237 49 284268304452635 28 280188034230869 74 295425045978665 74 311154603375191 34 263443866430593 28 319097328466938 28 317794205364994 55 392384808992769 49 334718186339074 28 312416764608540 74 317207217736969 28 271408971506356 28 267113799998392 74 323618822663778 49 350164654880123 34 323660245115920 55 225634422702082 34 277986899247075 74 251825417877817 74 244275195252975 28 338574507433419 28 309090716229502 28 337218641265876 34 261874942534213 74 299682270157628 55 280679409688581 49 288423970518071 28 281215004656881 34 311145108103062 28 283034469916335 28 318873353467469 49 304838657280892 34 316847227312018 49 258618122069407 34 309794473958978 34 299228729387026 34 334347376751792 28 288923761257497 28 271126064367702 55 323736221350931 28 304252236930412 28 272165771430142 34 263632102365442 28 322527514440282 34 316027219790310 28 276492899706951 74 220082228583043 74 325939484928426 74 332970194118390 55 276933282731650 74 286658191657684 74 270508872439832 74 308190575857855 74 321461245475546 28 272911664304111 28 304634008597067 28 338963455474458 74 316344507205399 55 339403886954170 74 243269139286413 74 278356225726411 74 289141091141177 74 311857174715897 49 331711905586484 34 325477173754975 49 315818800392115 74 327902886587245 28 319456659643739 28 315695836112042 28 251611589336637 74 288698369542747 28 303811834363468 28 286369492402679 49 331765727144681 28 307892733897152 28 333865884460008 49 259932562481056 74 272077473371074 34 312346716243107 28
3 72
6494844382470800 94 6515960080465181 27 6507882883153361 43
288008905041483 27 272879066525907 66 269198396606579 33 264810665027425 29 271404022153346 31 278098396185380 15 268835255597567 90 276839260771854 21 271868112658214 35 271884484462870 12 274639454448448 65 272688171642605 43 266965635409963 81 275611993226424 56 268288989298920 95 274163536262127 76 281861416619121 39 269326084611857 75 275053808333749 16 268565886567652 99 280224923236373 20 275548611054095 51 271781780296212 98 267753144976929 94 271471532290428 25 276790048603004 47 279424781861148 74 263170107462353 9 269214908385602 29 271880687558496 25 279761426588104 81 273665244207476 95 275273326056954 12 280087645345753 9 273911404418115 16 264820475173237 20 272938612698345 99 269004188644141 15 279969782314672 90 262096622670820 27 266946044273312 35 266644204547227 75 267471111536345 66 278279328962348 43 270231066396597 76 271120093753425 47 271733934906298 33 281833606932285 98 268375841640346 21 281524027137498 94 269137155260876 56 266906769071444 39 268492178851639 51 272631964735522 31 264505119213555 65 266651958833944 74 272808715266905 16 268066684882631 35 267951021703957 76 276240683415384 98 268466878393266 66 277796609904757 47 265818127194110 20 266230714158428 75 278698536394914 65 265150533529940 25 280257407276847 51 269809183586987 90 273617641112699 15 275557322350998 33 269188148268070 94 269299790556620 27
3 8
709005307085424 42 642791674957728 4 746926142349547 42
225179365545213 4 38840792331230 42 250568165118405 4 219391186634028 42 233570955316003 42 368659420374513 4 141773557960829 4 23946719338887 42
3 19
39506144141119 45 42312727505797 46 55510270053441 57
4385144199195 57 7878450244705 46 17406588002994 49 1 40 18018563899233 46 1 57 21308479463057 57 43973862882648 45 33155255180996 49 11207223055112 45 27533522609709 45 1 57 4612452708365 40 1 57 1 45 1 46 1 49 1 46 1 40
