100
82 100 2 82 12 16 28 44 16 33 28 18 8 81 11 60 66 22 48 37 30 77 54 64 3 14 56 52 36 73 61 4 61 82 77 33 65 31 30 32 72 47 78 27 74 38 45 56 6 18 67 53 51 5 76 24 25 26 27 49 60 58 81 56 78 15 17 37 72 35 30 22 49 24 33 62 2 18 15 8 1 18 43 26 7 47 14 63 80 17 65 61 51 59 19 76 51 63 4 17 10 24
57 10 14 8 26 3 25 41 1 17 7 56
10 4 1 0 7 9
5 85 2 2 1 2 5 3 4 1 1 0 2 4 3 4 2 5 3 4 0 4 1 0 2 5 4 0 2 3 4 1 2 2 4 2 0 4 5 3 1 2 1 4 0 5 4 5 3 2 2 2 5 3 1 4 3 2 2 5 1 5 3 0 1 1 5 4 3 4 2 1 4 2 0 2 2 1 0 0 2 4 5 4 1 2 3
83 94 10 36 21 1 5 12 1 11 19 36 50 61 73 54 23 50 73 38 37 68 53 24 68 33 64 66 31 73 68 3 76 62 21 32 1 76 52 36 35 13 2 44 38 1 18 55 37 17 81 75 51 60 71 6 19 24 9 56 62 34 24 40 34 41 25 45 27 36 7 65 74 12 5 20 17 66 4 8 77 38 60 38 38 13 14 51 3 18 21 3 77 28 78 48
38 30 21 25 35 35 27 5 35 7 11 30 17 21 14 27 10 15 16 8 13 33 35 4 12 20 19 37 35 22 13 36
69 83 22 66 65 2 54 56 30 36 11 49 56 18 27 45 11 26 21 40 57 43 28 6 19 51 61 27 28 69 55 33 20 39 36 64 8 25 48 42 21 25 27 42 67 34 9 7 49 25 41 5 64 34 12 35 56 18 26 49 2 37 21 44 10 3 64 57 6 27 24 43 61 54 39 30 69 28 34 31 39 67 9 10 46
4 63 4 1 3 1 1 0 4 3 4 3 4 2 1 0 4 4 2 2 4 3 3 2 0 1 1 2 3 0 1 0 2 3 3 2 4 2 0 4 0 0 3 2 0 0 2 3 1 3 2 4 3 4 3 1 2 3 3 0 1 3 2 2 2
81 100 11 6 7 49 60 15 70 0 32 74 14 15 14 15 76 72 55 21 70 1 15 31 7 46 60 36 79 66 73 35 64 4 1 18 25 62 57 17 10 57 26 60 38 67 20 42 65 26 47 77 66 20 10 73 18 40 81 41 53 43 50 0 51 35 5 75 53 59 40 62 66 11 18 12 30 46 29 63 47 40 9 17 29 13 5 52 12 38 61 24 30 26 22 75 34 48 64 12 0 49
83 100 83 38 5 22 43 27 34 27 6 22 24 62 50 19 73 10 51 12 61 72 21 21 23 57 8 8 34 0 26 9 30 26 15 35 53 13 17 40 67 71 25 0 67 54 31 65 74 45 8 38 54 46 59 80 54 17 3 8 13 79 39 65 61 23 8 44 83 30 50 68 34 21 20 66 26 9 64 47 61 24 47 41 77 9 26 6 26 48 47 6 17 21 4 5 34 1 58 17 39 63
78 63 54 44 49 7 20 33 9 34 11 46 15 34 72 56 71 30 52 72 32 2 15 35 12 71 49 61 37 47 40 0 61 6 54 2 38 41 41 0 66 77 59 67 22 24 53 24 77 11 23 66 43 20 44 35 9 75 19 10 33 14 6 21 12
21 88 21 21 3 13 20 6 3 6 13 1 12 15 0 21 21 14 9 11 20 13 14 17 17 20 10 17 9 13 4 9 3 19 17 2 0 2 20 10 3 5 1 3 4 17 2 3 1 16 18 18 16 3 12 14 0 1 17 5 1 7 8 5 1 16 14 0 0 9 0 13 14 17 19 5 20 18 0 21 17 20 20 21 18 10 4 12 17 16
3 3 2 3 4
87 100 7 33 42 43 16 50 53 43 25 48 11 23 46 86 2 87 15 15 26 48 58 63 4 49 14 37 74 45 83 83 31 68 7 50 28 77 16 46 65 86 81 63 74 73 30 3 33 77 12 47 75 72 18 56 72 6 9 21 33 0 43 6 4 20 21 68 21 79 68 65 52 17 40 42 85 3 9 47 63 32 10 1 81 46 61 3 12 31 51 70 69 62 59 7 51 85 24 3 82 81
0 2 0 1
34 60 27 20 7 1 13 25 12 2 16 32 14 32 9 8 0 33 33 25 14 3 33 13 27 15 20 14 8 8 14 20 29 11 27 32 34 26 25 2 17 19 1 26 5 9 3 26 21 8 4 17 1 0 17 5 31 5 33 15 20 25
90 100 90 60 58 80 67 52 37 29 12 46 60 50 0 28 58 12 51 53 76 12 53 44 16 13 90 59 58 14 80 90 1 23 76 7 57 58 12 39 14 4 42 86 5 27 48 41 30 20 66 60 26 79 11 2 34 31 21 88 34 85 57 61 85 87 29 29 35 60 55 36 84 19 5 68 63 66 23 74 62 86 67 76 10 26 90 33 31 35 74 66 26 20 43 22 32 25 63 59 66 35
93 38 26 26 79 18 77 21 19 35 46 93 69 92 29 59 91 10 48 62 6 11 33 78 24 7 87 14 51 2 82 56 92 68 56 23 43 93 75 9
48 21 40 42 17 27 19 31 14 3 6 2 9 30 36 39 31 9 10 40 29 8 14
60 100 7 47 23 44 23 21 22 27 46 38 32 0 60 51 50 59 23 38 22 56 38 40 52 57 28 14 48 33 3 0 1 44 40 51 7 6 29 53 21 31 42 1 47 60 36 12 32 51 34 23 38 2 36 60 59 56 11 42 52 60 24 8 40 53 35 17 60 26 30 9 22 26 45 4 15 41 9 18 60 8 8 6 18 58 18 40 57 28 10 7 33 18 47 25 56 2 3 1 39 52
83 100 39 41 1 36 3 2 54 69 30 37 58 60 21 66 67 77 30 82 74 74 13 58 42 30 69 50 40 64 25 28 29 3 61 19 66 26 1 6 52 58 39 23 60 80 2 52 52 64 20 77 21 42 64 83 77 8 65 32 44 41 10 64 30 9 16 9 70 31 79 70 77 57 3 39 70 38 44 19 52 37 52 6 24 73 17 27 73 77 16 77 47 16 61 29 17 10 2 36 67 77
24 83 14 23 20 6 18 14 13 15 0 8 9 12 12 18 17 3 12 6 1 2 6 1 24 15 17 6 11 17 3 2 20 23 13 24 5 10 22 2 9 8 22 19 5 10 16 21 5 0 22 12 6 1 1 17 13 24 8 19 21 15 8 1 18 10 4 18 21 21 15 11 4 0 13 0 18 8 12 17 16 12 24 19 0
92 59 66 85 11 2 15 39 80 65 84 1 72 5 84 28 82 39 90 24 17 62 78 43 47 73 82 13 1 27 82 18 12 49 26 80 30 41 75 47 74 20 81 85 49 14 80 79 9 73 63 66 14 39 67 54 89 4 76 35 40
43 61 30 10 28 34 1 1 18 23 30 23 8 6 39 5 23 15 2 2 18 32 34 16 3 3 34 35 28 27 36 34 38 0 36 12 35 21 31 11 29 41 37 20 17 5 2 38 35 26 39 26 13 35 43 9 28 8 23 38 34 13 26
33 70 31 31 6 6 32 15 21 11 13 33 27 15 17 14 23 7 3 16 15 12 14 31 31 8 32 14 8 30 16 12 21 13 8 20 32 28 20 15 16 30 21 17 25 24 3 25 33 26 18 5 31 28 23 4 3 3 28 31 34 17 27 10 25 9 16 7 19 14 33 21
80 60 64 9 14 31 31 62 48 74 52 19 0 32 32 7 30 61 2 59 57 35 8 1 2 33 44 18 76 21 38 33 23 37 61 33 66 40 54 22 70 79 53 45 37 34 9 53 62 73 77 77 60 45 65 57 62 32 28 49 73 39
84 100 50 49 60 34 29 39 47 48 17 17 63 49 71 13 42 13 35 60 61 70 80 75 22 45 43 69 9 55 31 27 73 43 77 83 41 50 35 29 39 27 43 17 34 44 77 28 12 0 83 6 55 44 69 42 1 46 9 63 55 42 32 33 71 82 41 50 48 12 50 18 22 18 62 59 6 83 48 24 22 49 62 69 36 52 55 13 41 25 58 28 25 46 38 38 40 22 8 82 67 15
85 60 49 45 19 76 81 73 60 62 5 75 17 0 51 83 24 63 59 56 45 9 60 1 54 28 25 82 7 68 19 2 3 58 6 18 75 24 13 31 80 64 39 30 71 53 13 45 45 80 76 46 59 35 5 35 52 53 56 80 22 53
2 3 1 1 1
3 3 1 2 2
82 31 63 3 79 5 46 53 73 75 70 45 14 65 24 67 66 75 0 60 64 73 54 68 19 57 7 40 37 31 49 75 15
90 100 88 88 88 88 88 88 88 88 88 88 88 88 88 88 88 88 88 88 88 88 88 88 88 88 88 88 88 88 88 88 88 88 88 88 88 88 88 88 88 88 88 88 88 88 88 88 88 88 88 88 88 88 88 88 88 88 88 88 88 88 88 88 88 88 88 88 88 88 88 88 88 88 88 88 88 88 88 88 88 88 88 88 88 88 88 88 88 88 88 88 88 88 88 88 88 88 88 88 88 91
74 21 8 15 2 13 46 61 73 48 54 30 23 15 18 23 15 33 65 17 31 9 39
85 47 75 12 35 67 25 41 15 5 49 21 32 74 58 62 41 61 82 61 14 75 4 5 7 52 39 55 55 33 0 49 69 42 21 70 2 84 63 11 8 47 60 82 67 30 54 25 37
55 16 48 25 0 26 42 43 42 1 5 2 16 22 28 40 38 10
64 17 34 57 4 7 55 30 0 20 7 50 55 49 29 42 10 17 44
1 1 2
45 87 37 31 26 43 41 24 26 41 21 39 33 24 24 24 37 11 20 2 45 31 27 44 41 35 3 38 30 7 38 14 38 12 31 22 1 3 18 18 30 43 32 16 44 22 18 22 13 34 26 10 22 13 37 13 22 34 9 4 0 27 10 32 7 3 23 5 42 10 5 17 45 43 43 31 43 41 32 16 25 16 35 35 40 15 6 16 8
72 3 43 26 58
1 1 1
81 100 5 13 11 66 9 55 37 15 4 44 74 21 7 24 22 9 27 42 10 23 72 75 78 76 62 62 3 2 2 53 10 64 63 57 47 13 59 31 7 45 71 31 26 81 43 4 64 47 34 26 26 79 76 41 26 66 7 10 60 29 46 29 23 78 75 70 9 31 78 9 0 19 77 41 57 80 6 51 35 27 64 21 28 29 46 12 64 57 39 15 52 7 40 29 19 49 42 32 53 71
63 55 42 12 35 53 2 43 0 49 52 28 29 58 6 37 40 20 29 26 1 6 3 52 12 43 30 31 23 51 6 58 7 17 62 55 61 54 54 2 39 47 12 34 39 53 7 34 5 24 38 38 61 55 17 54 0
0 2 0 0
15 50 2 3 5 13 15 14 0 13 15 10 14 9 7 12 1 10 2 3 3 6 15 8 15 2 12 6 0 7 4 3 13 8 10 3 8 5 3 4 14 15 8 15 9 13 10 7 2 10 3 9
7 85 0 6 0 6 4 6 6 4 6 5 4 0 3 7 4 0 4 2 6 2 3 7 0 1 1 2 0 5 1 6 3 6 2 6 4 2 5 6 7 3 2 4 1 4 5 1 3 1 5 4 4 6 7 0 3 4 0 3 6 5 5 1 2 2 0 1 2 4 2 3 2 3 1 2 6 5 3 1 4 1 5 3 1 7 0
4 79 4 4 3 1 3 4 2 3 3 4 2 4 2 2 0 2 0 4 4 0 3 4 2 4 2 3 4 4 3 4 0 1 2 1 4 2 2 0 0 3 4 1 2 2 1 2 0 0 3 2 0 3 4 4 0 1 2 4 0 4 0 1 4 3 3 4 3 1 3 1 2 2 2 3 0 1 0 0 0
8 54 7 7 1 1 5 7 7 4 6 8 7 5 3 6 7 3 6 4 5 0 3 5 3 3 1 0 1 0 5 7 0 1 5 6 0 4 2 4 7 2 5 5 0 8 5 3 7 8 5 5 4 6 5 7
96 27 77 56 39 56 35 56 58 53 35 55 26 79 43 5 19 71 1 61 52 39 93 72 80 35 46 57 76
9 49 5 1 2 3 5 2 0 1 2 2 8 6 9 9 2 4 3 5 4 0 7 7 6 1 7 4 3 9 7 5 2 5 3 1 4 1 4 5 2 0 0 3 0 1 5 9 0 1 6
72 76 23 27 54 40 70 26 70 67 68 71 17 2 13 34 35 55 7 55 41 62 72 53 68 66 32 72 5 23 1 60 38 40 69 57 54 40 26 66 54 11 58 12 14 61 63 65 6 46 57 35 36 41 54 16 56 8 55 10 29 15 23 20 19 42 18 30 33 71 13 66 28 60 61 11 43 52
33 88 21 17 19 20 11 21 7 26 15 7 17 9 4 30 31 33 2 5 26 2 1 12 14 11 9 2 19 1 7 31 15 31 19 1 11 7 15 13 25 23 24 8 19 13 18 24 15 22 14 20 1 17 2 20 7 7 3 23 22 29 17 26 14 33 26 2 11 29 18 25 23 17 20 18 19 2 2 5 5 26 8 24 7 31 19 2 23 8
47 42 29 21 16 45 39 39 22 22 19 5 6 48 45 47 2 45 30 16 19 27 7 1 14 4 4 6 37 21 17 17 26 25 1 15 18 37 40 36 24 16 29 17
62 46 1 52 10 62 59 6 13 44 26 12 52 62 45 7 28 27 60 45 35 49 51 37 50 2 43 39 13 4 30 22 19 29 2 53 36 4 21 58 47 48 11 40 2 49 19 27
50 48 14 29 31 1 26 8 41 5 13 41 42 4 6 1 29 22 38 3 47 20 44 38 40 11 9 35 29 19 30 5 0 29 36 11 32 17 37 42 28 36 38 41 30 7 29 41 38 7
63 15 52 23 54 12 2 49 61 58 9 11 7 25 0 48 49
93 58 11 44 37 8 68 11 26 1 11 28 86 30 50 71 21 14 54 91 39 6 40 31 12 9 32 53 77 36 83 6 11 86 69 42 5 37 60 78 54 56 51 16 9 23 31 76 34 9 28 27 65 29 17 76 17 34 78 35
63 46 56 48 54 0 30 18 33 11 34 8 1 4 61 26 29 40 58 6 27 41 2 49 43 55 5 18 16 32 9 25 55 6 49 10 62 63 60 59 33 32 1 36 15 11 30 53
98 93 21 35 43 22 44 26 34 24 74 91 81 7 56 22 2 67 44 61 96 48 64 55 51 39 24 71 84 79 78 12 78 67 72 59 36 72 49 11 50 71 68 28 96 44 37 97 13 39 14 7 79 74 66 10 74 97 53 4 72 20 90 25 62 75 36 0 53 16 20 62 21 78 17 65 24 22 93 24 83 67 33 93 46 30 89 75 84 80 84 23 47 82 57
87 100 72 1 47 84 65 23 47 62 87 23 56 32 46 57 61 16 51 80 76 85 31 84 61 7 65 87 23 66 44 30 65 54 69 27 74 80 56 20 87 39 42 65 66 3 56 52 41 5 52 23 3 43 74 20 64 23 50 43 55 37 30 30 63 38 23 3 78 65 61 39 57 55 53 32 65 61 9 78 31 81 71 69 18 77 59 10 1 18 37 6 77 11 22 39 28 20 81 37 51 47
83 35 56 31 81 25 31 36 27 58 53 62 45 79 60 1 77 4 22 48 61 35 12 84 47 82 50 17 11 7 71 20 46 9 21 13 12
35 92 1 35 26 3 24 7 21 21 27 14 7 35 28 24 23 34 8 26 18 1 21 16 23 1 35 0 14 19 25 3 7 22 23 3 15 24 2 18 25 22 20 19 19 23 9 32 12 16 20 21 2 28 34 28 7 25 32 0 11 0 2 2 12 3 22 25 19 19 16 4 0 35 23 32 1 0 4 4 11 25 25 35 35 25 10 14 29 10 34 3 20 11
52 47 1 31 2 31 17 12 20 15 15 27 11 36 51 8 20 25 6 40 18 11 38 0 13 21 24 9 18 32 24 27 4 30 1 29 8 44 19 37 29 21 4 27 42 6 45 27 24
34 59 24 4 31 27 2 19 4 27 8 27 17 9 27 29 15 33 24 12 15 14 6 22 24 32 0 29 22 34 32 3 24 35 16 31 11 4 3 18 20 2 33 16 1 18 16 11 12 14 31 4 26 25 5 3 9 32 34 15 19
23 60 11 22 10 20 20 7 2 2 23 8 8 2 16 21 23 7 2 20 15 15 21 8 1 16 12 5 12 2 5 18 23 1 15 8 22 9 3 18 20 8 7 5 11 0 6 10 16 22 1 2 20 9 19 4 19 9 14 9 22 21
35 86 11 12 35 27 8 13 21 34 18 30 33 12 23 5 28 9 8 12 8 2 19 18 25 22 25 3 19 13 15 7 35 6 11 10 6 11 25 18 16 34 19 10 2 32 23 0 18 14 13 35 32 5 21 7 18 28 32 9 12 8 16 10 33 20 29 32 21 11 20 18 12 23 0 3 0 3 4 33 11 31 23 16 20 2 5 2
92 41 44 91 3 60 91 21 12 30 3 24 41 16 26 1 50 60 35 14 77 74 58 14 85 83 1 29 85 83 71 81 69 81 76 32 68 59 22 50 31 8 47
90 100 88 88 88 88 88 88 88 88 88 88 88 88 88 88 88 88 88 88 88 88 88 88 88 88 88 88 88 88 88 88 88 88 88 88 88 88 88 88 88 88 88 88 88 88 88 88 88 88 88 88 88 88 88 88 88 88 88 88 88 88 88 88 88 88 88 88 88 88 88 88 88 88 88 88 88 88 88 88 88 88 88 88 88 88 88 88 88 88 88 88 88 88 88 88 88 88 88 88 88 89
84 39 40 79 30 80 48 48 50 42 47 4 34 24 66 51 37 36 15 50 35 19 74 54 46 79 15 6 52 46 6 47 44 14 19 66 75 56 40 25 59
25 1 1
0 91 0 0 0 0 0 0 0 0 0 0 0 0 0 0 0 0 0 0 0 0 0 0 0 0 0 0 0 0 0 0 0 0 0 0 0 0 0 0 0 0 0 0 0 0 0 0 0 0 0 0 0 0 0 0 0 0 0 0 0 0 0 0 0 0 0 0 0 0 0 0 0 0 0 0 0 0 0 0 0 0 0 0 0 0 0 0 0 0 0 0 0
96 97 35 57 73 18 12 84 82 5 70 52 61 17 81 46 68 62 53 19 46 78 76 1 41 57 47 90 68 20 10 65 50 82 85 83 20 49 61 90 79 40 50 30 39 79 50 19 1 68 3 91 40 50 32 24 7 9 55 43 46 36 46 43 95 87 92 9 3 16 6 49 64 1 49 96 83 67 70 36 22 55 22 47 49 18 79 46 20 67 1 40 52 87 8 19 52 74 38
90 76 10 78 90 42 55 69 2 38 2 65 90 27 30 90 48 40 55 67 21 47 32 88 80 63 3 89 12 42 13 52 64 90 42 15 18 78 7 10 83 83 29 36 89 43 69 14 75 41 75 41 78 7 49 31 75 55 51 69 24 88 57 67 80 55 28 33 53 23 49 34 88 23 70 43 6 67
73 7 59 5 21 56 51 26 38
48 59 30 19 17 3 25 1 32 9 22 15 15 12 38 0 23 5 12 11 40 46 37 36 11 31 48 11 26 32 7 44 38 16 12 24 44 19 3 16 26 1 21 41 15 17 15 33 40 34 6 4 45 30 13 21 45 32 47 38 0
41 5 6 28 36 22 35
3 3 2 3 3
26 46 11 15 22 25 4 18 0 9 7 22 23 10 0 0 24 18 17 7 22 7 10 5 14 15 1 26 25 1 2 23 27 18 10 11 4 9 16 14 7 13 6 27 7 16 19 16
62 89 24 59 35 59 52 47 8 25 57 50 5 36 34 38 25 25 51 41 26 46 53 1 4 27 1 35 46 8 4 12 4 32 4 61 45 55 29 8 35 45 53 56 22 3 59 5 6 35 34 40 44 51 58 55 49 40 15 40 60 28 48 40 29 44 37 19 39 20 50 47 45 40 1 36 2 39 8 16 42 34 50 32 29 44 19 48 25 27 42
90 100 88 88 88 88 88 88 88 88 88 88 88 88 88 88 88 88 88 88 88 88 88 88 88 88 88 88 88 88 88 88 88 88 88 88 88 88 88 88 88 88 88 88 88 88 88 88 88 88 88 88 88 88 88 88 88 88 88 88 88 88 88 88 88 88 88 88 88 88 88 88 88 88 88 88 88 88 88 88 88 88 88 88 88 88 88 88 88 88 88 88 88 88 88 88 88 88 88 88 88 90
7 92 3 2 1 7 0 0 2 6 4 0 5 2 0 4 2 4 6 3 4 4 2 1 5 7 0 0 3 7 3 7 7 6 4 5 3 2 7 3 0 1 7 6 1 0 4 6 1 0 7 6 2 6 4 0 6 4 3 7 3 0 2 5 1 3 3 5 5 1 1 3 6 1 1 1 2 6 5 3 0 0 5 6 7 7 3 7 2 6 3 4 3 5
27 18 13 11 16 16 4 18 12 1 8 18 22 7 15 23 19 1 16 3
90 100 89 89 89 89 89 89 89 89 89 89 89 89 89 89 89 89 89 89 89 89 89 89 89 89 89 89 89 89 89 89 89 89 89 89 89 89 89 89 89 89 89 89 89 89 89 89 89 89 89 89 89 89 89 89 89 89 89 89 89 89 89 89 89 89 89 89 89 89 89 89 89 89 89 89 89 89 89 89 89 89 89 89 89 89 89 89 89 89 89 89 89 89 89 89 89 89 89 89 89 89
81 100 24 69 10 69 17 41 36 55 58 41 5 28 80 72 0 54 15 74 72 17 38 4 18 34 48 4 77 34 74 35 66 41 61 51 31 61 49 79 65 29 11 36 19 26 64 51 60 1 58 14 8 47 19 31 44 9 13 23 27 48 71 79 18 40 15 47 35 24 9 23 19 11 75 33 43 23 20 35 59 75 36 59 45 23 48 21 16 63 65 61 38 30 36 35 66 68 62 43 46 50
59 4 2 27 14 53
85 77 73 7 28 2 44 34 10 85 6 50 80 41 27 54 23 63 19 18 45 47 75 39 57 73 10 70 83 58 28 42 51 32 78 4 64 28 40 19 64 62 33 76 48 7 39 64 33 10 68 5 49 39 40 51 71 31 35 10 69 22 52 16 83 19 53 5 18 51 9 45 16 4 51 22 33 79 65
65 8 10 27 65 42 33 5 41 60
77 4 26 39 14 22
44 17 2 28 11 5 40 20 44 18 22 37 10 34 23 2 35 10 26
60 99 1 31 28 20 51 14 57 3 56 24 3 48 29 43 23 18 51 7 34 41 5 55 37 39 55 28 42 58 4 46 36 11 29 8 38 18 47 0 37 52 18 11 15 35 10 29 47 44 48 3 0 17 14 58 48 29 34 57 27 2 21 28 46 39 0 35 44 17 28 19 35 48 42 43 41 34 20 55 37 5 11 2 15 20 27 55 25 39 22 24 14 0 39 56 4 12 30 0 32
1 1 0
66 46 61 31 31 49 40 29 3 11 8 55 16 65 2 46 56 27 13 28 59 3 61 4 5 19 37 0 52 55 4 0 61 6 62 47 34 9 11 25 10 2 19 21 65 36 7 25
88 34 40 1 48 52 71 44 74 87 36 8 9 84 25 34 62 21 22 74 43 40 47 63 87 28 73 40 72 16 85 34 4 7 81 29
20 72 4 13 10 14 18 4 1 3 9 16 11 15 9 1 19 14 14 4 7 0 7 19 4 12 13 7 11 13 19 21 9 16 17 6 21 12 11 19 11 14 15 13 15 16 14 2 15 4 20 12 11 5 8 13 20 17 10 0 19 13 16 0 19 0 3 19 13 5 18 0 7 15
61 36 51 55 47 44 3 7 9 42 10 59 11 4 33 43 39 30 15 3 60 17 22 53 58 53 28 53 35 48 23 22 28 1 57 25 39 41
0 1 1
83 55 45 45 69 44 44 21 4 62 64 42 12 19 48 17 28 51 17 20 73 37 80 5 78 18 61 2 24 28 35 28 83 16 26 77 4 83 3 55 8 37 25 72 73 0 30 17 18 44 10 42 76 37 80 43 39
43 34 11 0 27 40 5 22 42 25 34 7 15 34 28 41 0 0 8 43 37 26 11 37 18 36 12 43 17 41 20 36 31 11 33 4
62 36 10 23 53 3 38 50 55 52 21 7 13 28 15 55 32 4 20 18 48 25 10 44 57 11 4 18 8 47 50 35 27 60 38 46 36 3
13 18 8 12 13 3 6 1 10 7 10 6 13 11 10 12 0 4 2 3
98 86 40 23 34 80 19 91 9 22 48 59 87 79 56 86 32 69 41 37 87 60 47 57 34 26 11 68 71 21 23 4 21 20 67 36 15 80 45 41 38 64 36 65 40 57 79 18 10 34 82 96 59 86 49 29 29 77 27 57 48 48 56 37 20 4 33 74 34 10 70 29 59 60 79 5 73 2 73 9 95 32 21 74 17 82 50 8
