1000
71 756
150 607
178 719
12 565
27 245
85 895
150 606
178 718
12 564
71 755
379 759
282 565
152 305
35 71
321 643
1 1000
65 548
65 547
65 549
65 556
184 369
184 415
383 767
383 891
53 218
53 217
53 219
53 304
157 634
157 633
157 635
157 923
45 388
45 387
45 389
45 390
109 669
109 668
109 670
109 752
202 405
202 710
154 309
154 368
81 163
81 274
191 383
191 568
33 957
33 956
33 958
33 968
73 453
73 452
73 454
73 469
158 317
158 475
138 558
138 557
138 559
138 612
221 443
221 565
176 710
176 709
176 711
176 894
393 787
393 854
53 702
53 701
53 703
53 761
90 555
90 554
90 556
90 560
170 341
170 477
168 678
168 677
168 679
168 858
330 661
330 927
329 659
329 861
374 749
374 819
32 134
32 133
32 135
32 181
221 443
221 466
83 692
83 691
83 693
83 846
204 822
204 821
204 823
204 883
200 401
200 718
2 945
2 944
2 946
2 951
154 939
154 938
154 940
154 961
26 900
26 899
26 901
26 965
41 356
41 355
41 357
41 386
8 350
8 349
8 351
8 399
74 954
74 953
74 955
74 999
107 215
206 413
206 703
59 774
59 773
59 775
59 880
375 751
375 814
333 667
333 955
93 378
93 377
93 379
93 491
91 756
91 755
91 757
91 784
112 454
112 453
112 455
112 554
29 770
29 769
29 771
29 790
77 644
77 643
77 645
77 663
243 487
243 971
400 801
400 882
85 346
85 345
85 347
85 450
66 858
66 857
66 859
66 894
278 557
278 951
191 383
191 583
44 594
44 593
44 595
44 613
273 547
273 616
24 949
24 948
24 950
24 963
36 697
71 755
71 754
71 756
71 891
75 306
75 305
75 307
75 341
271 543
271 857
213 427
213 808
235 471
235 943
225 451
225 778
110 675
110 674
110 676
110 817
10 735
10 734
10 736
10 802
18 78
18 77
18 79
18 82
32 450
32 449
32 451
32 537
149 299
149 524
316 633
316 653
1 351
1 350
1 352
1 386
152 305
152 415
67 417
67 416
67 418
67 554
62 254
62 253
62 255
62 363
114 699
114 698
114 700
114 928
18 882
18 881
18 883
18 913
41 776
41 775
41 777
41 815
382 765
382 971
3 250
3 249
3 251
3 256
75 465
75 464
75 466
75 618
93 772
93 771
93 773
93 791
38 522
38 521
38 523
38 577
225 451
225 495
412 825
412 953
53 833
53 832
53 834
53 948
32 284
32 283
32 285
32 327
77 477
77 476
77 478
77 508
320 641
320 835
130 526
130 525
130 527
130 719
46 93
46 188
306 613
306 847
134 542
134 541
134 543
134 675
240 481
240 511
186 750
186 749
186 751
186 752
205 411
205 732
170 341
170 507
131 801
131 800
131 802
131 829
46 291
46 290
46 292
46 384
90 366
90 365
90 367
90 525
436 873
436 907
106 430
106 429
106 431
106 496
41 261
41 260
41 262
41 328
218 878
218 877
218 879
218 974
6 546
6 545
6 547
6 582
236 641
53 332
53 334
53 379
271 602
110 445
110 447
110 569
88 924
88 926
88 933
39 636
39 638
39 708
226 671
181 729
181 731
181 910
17 529
17 531
17 581
4 224
4 226
4 250
194 611
57 483
57 485
57 575
279 652
121 489
121 491
121 611
4 224
4 226
4 247
95 364
421 992
396 891
9 704
9 706
9 713
43 371
43 373
43 397
167 673
167 675
167 948
34 566
34 568
34 629
63 257
63 259
63 355
95 385
95 387
95 391
195 785
195 787
195 853
49 534
49 536
49 591
49 419
49 421
49 531
139 848
139 850
139 876
171 689
171 691
171 788
154 475
346 807
385 858
85 345
85 347
85 436
46 290
46 292
46 352
180 725
180 727
180 857
41 454
41 456
41 506
196 789
196 791
196 916
129 451
115 351
349 750
48 762
48 764
48 887
194 678
127 417
241 581
239 961
239 963
239 968
153 607
317 646
135 545
135 547
135 756
411 879
187 464
90 554
90 556
90 571
195 674
93 377
93 379
93 427
254 735
173 697
173 699
173 760
170 685
170 687
170 722
146 350
56 874
56 876
56 899
144 581
144 583
144 683
234 756
82 683
82 685
82 687
158 319
214 861
214 863
214 930
463 994
147 593
147 595
147 874
352 749
193 413
167 673
167 675
167 815
253 964
206 671
115 704
115 706
115 737
161 955
337 675
405 866
216 614
1 746
5 866
76 242
82 390
195 610
96 248
302 696
408 919
40 504
119 450
9 305
99 330
11 738
254 617
162 945
336 752
334 975
55 306
177 365
57 875
128 465
24 780
372 765
7 468
134 550
82 238
100 901
62 706
389 893
58 961
42 515
4 538
17 392
139 974
238 795
10 683
88 250
4 602
247 904
235 476
95 859
38 846
34 672
120 812
339 823
10 904
70 437
112 658
156 486
11 952
126 783
85 404
208 568
217 567
222 506
42 964
46 563
167 766
275 901
34 466
175 633
2 678
176 392
93 656
184 377
250 905
369 830
99 498
232 742
194 805
186 717
70 154
324 808
123 959
206 928
26 669
53 979
130 761
284 655
27 144
101 360
221 634
97 698
183 998
129 738
209 755
28 119
4 76
20 725
278 578
267 883
224 929
148 617
250 952
2 651
167 510
61 495
82 287
161 962
84 183
5 77
198 967
200 804
11 613
29 885
171 614
103 550
221 883
223 540
331 894
276 570
433 880
145 785
20 436
170 425
185 662
22 848
22 414
349 765
383 984
2 172
17 131
105 510
432 978
26 439
74 710
235 982
55 677
238 966
34 238
159 905
241 603
317 767
38 332
37 269
4 718
74 721
35 961
172 461
6 180
168 810
455 913
203 777
39 608
17 972
130 317
232 957
165 496
221 615
133 750
76 911
231 752
83 598
15 76
19 662
115 600
24 305
12 489
103 664
395 931
107 681
309 981
202 972
232 523
242 635
186 747
80 774
50 163
90 295
99 514
106 414
8 868
244 704
180 747
74 438
135 378
267 791
231 602
429 980
394 984
91 911
34 117
57 657
100 478
165 737
284 814
107 405
274 571
6 138
253 626
78 542
12 678
214 818
134 607
7 864
147 688
29 671
88 341
159 791
103 274
358 986
132 347
81 814
37 416
41 900
225 832
44 181
109 736
206 919
388 851
245 780
65 868
17 245
69 915
3 583
233 744
3 943
19 352
4 186
457 951
158 318
214 827
237 717
23 754
261 641
282 937
265 749
11 713
370 943
458 950
110 426
260 815
173 972
79 450
151 649
262 978
8 889
353 718
7 531
26 346
77 955
198 610
101 325
72 632
22 123
31 300
25 973
239 951
302 614
148 411
204 926
142 684
9 306
27 587
312 697
237 923
182 715
43 891
144 415
138 278
411 992
151 892
51 887
24 352
337 855
346 853
7 971
5 652
135 317
36 709
28 321
23 421
101 628
59 924
138 833
50 269
50 797
49 129
42 711
284 775
157 634
172 878
218 795
153 880
251 964
433 875
193 515
233 658
86 451
88 694
119 682
198 762
108 328
42 841
120 716
141 732
139 344
53 457
103 282
15 504
62 226
49 838
61 378
254 607
298 919
229 987
107 592
60 391
291 625
267 927
79 243
91 647
111 277
168 795
328 901
366 894
99 277
327 657
183 389
143 405
239 744
227 921
21 134
68 186
149 555
319 936
39 339
255 645
255 597
12 564
320 778
8 907
166 919
97 908
290 863
116 378
368 885
131 889
429 908
62 833
32 231
124 752
125 591
58 499
148 723
10 873
348 813
163 934
244 597
161 456
322 661
405 927
95 832
75 281
121 968
312 664
4 673
69 573
173 768
169 949
36 414
390 922
274 743
416 847
83 305
290 756
379 846
371 824
35 412
191 950
258 839
17 841
210 940
138 993
397 932
195 601
402 956
75 577
29 337
153 563
199 913
118 318
329 685
229 478
82 886
189 504
327 669
458 967
122 793
74 942
134 284
166 613
51 648
90 922
223 783
136 960
232 482
246 721
171 485
36 109
97 451
75 848
290 818
39 613
131 898
67 623
160 335
9 932
5 904
106 580
62 971
36 203
194 641
174 837
57 324
335 876
340 729
136 328
224 803
49 621
173 742
216 574
281 903
145 541
50 158
381 882
218 759
227 677
19 912
250 671
7 512
116 936
233 664
84 858
116 716
44 553
277 850
25 112
183 951
485 988
75 785
137 456
27 249
79 231
16 211
139 868
79 979
114 541
398 933
258 936
247 948
51 403
119 553
170 998
151 772
92 604
130 808
150 728
178 581
63 811
6 177
279 787
109 916
63 919
180 659
232 588
107 675
243 940
350 911
265 965
122 331
85 569
154 798
79 821
337 884
23 505
80 867
241 538
344 852
218 556
37 174
403 863
81 879
22 458
27 558
208 468
120 427
403 972
286 869
81 650
111 804
288 770
292 840
58 212
69 265
227 480
127 767
231 947
273 846
214 672
214 644
454 997
167 947
95 589
203 606
195 910
176 894
