1000
71 756
19 295
21 197
181 731
82 866
90 555
59 917
178 718
156 630
30 891
379 759
135 271
382 765
35 71
321 643
1 1000
97 394
97 393
97 395
97 549
71 918
71 917
71 919
71 939
129 259
129 314
266 533
266 901
76 310
76 309
76 311
76 375
108 217
108 365
49 420
49 419
49 421
49 451
75 795
75 794
75 796
75 947
66 556
66 555
66 557
66 613
24 504
24 503
24 505
24 532
67 274
67 273
67 275
67 318
126 771
126 770
126 772
126 814
146 590
146 589
146 591
146 802
154 622
154 621
154 623
154 926
217 874
217 873
217 875
217 973
22 630
22 629
22 631
22 672
204 409
204 707
95 788
95 787
95 789
95 940
114 229
114 322
243 487
243 727
86 173
86 190
108 892
108 891
108 893
108 958
88 358
88 357
88 359
88 416
28 402
28 401
28 403
28 463
48 763
312 625
312 692
143 578
143 577
143 579
143 764
169 339
169 342
142 574
142 573
142 575
142 811
68 725
68 724
68 726
68 786
210 846
210 845
210 847
210 896
282 565
282 691
149 602
149 601
149 603
149 727
32 284
32 283
32 285
32 311
317 635
317 669
315 631
315 912
91 370
91 369
91 371
91 428
333 667
333 916
146 293
146 527
137 275
137 387
170 341
170 627
66 133
66 260
152 305
152 549
118 237
118 358
31 711
31 710
31 712
31 717
64 540
64 539
64 541
64 681
122 747
122 746
122 748
122 750
150 606
150 605
150 607
150 723
324 649
324 877
131 530
131 529
131 531
131 729
49 309
49 308
49 310
49 368
267 535
267 987
46 396
46 395
46 397
46 487
118 237
118 313
275 551
275 909
14 612
14 611
14 613
14 672
195 391
195 603
216 433
216 805
86 531
86 530
86 532
86 633
54 714
54 713
54 715
54 717
36 73
36 124
28 325
28 324
28 326
28 377
144 582
144 581
144 583
144 672
53 575
53 574
53 576
53 664
10 46
10 45
10 47
10 53
76 636
76 635
76 637
76 733
37 819
37 818
37 820
37 866
70 745
70 744
70 746
70 771
309 619
309 869
171 690
171 689
171 691
171 953
96 193
96 240
127 255
127 327
38 950
38 949
38 951
38 988
266 533
266 672
51 103
51 176
218 437
218 524
191 383
191 597
141 283
141 453
389 779
389 933
88 732
88 731
88 733
88 808
68 423
68 422
68 424
68 527
59 369
59 368
59 370
59 454
202 814
202 813
202 815
202 923
423 847
423 887
54 222
54 221
54 223
54 262
302 605
302 880
110 908
110 907
110 909
110 938
169 682
169 681
169 683
169 698
177 355
177 425
284 569
284 592
202 814
202 813
202 815
202 915
21 780
21 779
21 781
21 857
59 119
59 202
10 451
10 450
10 452
10 498
47 749
47 748
47 750
47 780
11 765
11 764
11 766
11 770
4 226
397 795
397 835
230 461
230 757
270 541
270 844
40 81
40 139
235 471
235 549
52 443
52 445
52 534
99 608
99 610
99 776
3 461
3 463
3 471
136 496
48 524
48 526
48 589
185 745
185 747
185 807
48 524
48 526
48 611
366 865
80 494
80 496
80 647
242 640
287 900
152 613
152 615
152 752
318 884
28 749
28 751
28 799
331 948
231 929
231 931
231 985
60 194
247 815
90 365
90 367
90 424
170 685
170 687
170 850
11 409
11 411
11 433
2 118
2 120
2 141
332 840
294 658
47 871
47 873
47 880
317 889
34 473
34 475
34 527
19 356
19 358
19 364
61 515
61 517
61 636
220 454
37 608
37 610
37 643
133 447
318 981
234 627
126 509
126 511
126 725
246 875
14 769
14 771
14 813
135 824
135 826
135 883
246 753
380 840
209 799
94 374
233 468
63 821
63 823
63 956
75 627
75 629
75 655
36 404
36 406
36 475
47 188
260 543
32 364
32 366
32 446
55 344
55 346
55 451
180 725
180 727
180 755
93 771
93 773
93 840
50 205
50 207
50 226
70 434
70 436
70 445
40 650
40 652
40 727
431 893
174 701
174 703
174 801
479 994
287 833
380 951
250 624
23 566
23 568
23 589
400 842
263 960
418 940
79 834
79 836
79 969
385 952
283 970
82 333
82 335
82 363
229 844
212 853
212 855
212 947
416 948
67 714
67 716
67 859
240 638
219 881
219 883
219 959
35 307
35 309
35 364
196 599
42 569
42 571
42 618
175 691
120 312
287 620
248 527
68 881
68 883
68 948
65 845
65 847
65 866
22 548
22 550
22 586
183 403
83 874
83 876
83 903
479 963
236 718
254 623
254 690
255 714
257 877
16 59
147 312
144 389
49 293
301 799
103 698
4 991
47 767
210 527
76 995
218 940
158 318
264 805
79 567
82 540
260 562
171 818
108 548
416 847
191 484
184 468
22 881
207 724
174 623
178 687
243 757
281 716
286 858
350 952
123 420
56 645
285 775
97 261
303 834
359 807
315 757
60 561
131 659
89 720
124 290
234 926
47 668
199 643
187 570
122 443
53 549
157 924
333 671
182 637
116 565
247 863
53 695
5 857
7 50
28 743
223 634
158 926
285 996
5 55
278 658
102 265
332 960
233 786
30 212
79 299
233 783
316 709
440 915
204 593
66 368
127 991
228 727
44 215
111 286
333 837
371 855
6 818
356 899
373 1000
254 840
135 789
115 242
109 765
311 931
59 920
217 957
305 702
295 666
69 318
253 657
30 495
34 957
266 655
421 894
135 785
143 878
130 573
269 858
142 346
318 914
193 981
126 845
75 472
80 955
209 675
243 792
175 609
436 969
79 453
398 954
159 713
286 792
105 559
307 662
352 718
49 704
235 826
312 973
216 687
266 887
31 538
278 719
179 644
12 357
78 937
286 772
277 571
94 706
92 949
382 825
203 695
225 555
366 759
145 407
384 873
203 639
352 751
251 504
32 802
145 793
54 230
120 723
84 494
55 952
35 422
60 525
172 412
168 895
131 368
75 336
107 710
351 792
31 272
106 518
112 518
305 970
244 933
202 418
127 712
201 656
70 674
276 827
49 649
230 751
331 942
315 942
212 987
377 966
22 591
139 542
7 306
7 30
343 959
62 389
133 574
395 820
115 479
398 914
72 482
90 605
105 245
189 439
259 782
134 375
21 281
129 803
138 636
33 202
53 647
250 572
297 609
33 260
60 1000
27 795
80 606
223 989
398 822
416 919
210 457
56 122
262 879
447 928
63 446
7 248
151 378
1 713
8 259
37 961
98 968
156 793
283 568
405 849
58 349
138 293
278 700
127 761
244 832
280 958
177 858
194 867
328 668
266 966
325 939
149 514
310 905
217 814
33 735
116 407
4 815
27 309
23 883
139 717
161 911
331 891
101 846
260 632
314 915
22 677
263 900
356 724
16 290
204 600
21 878
250 626
240 639
195 965
132 757
164 505
75 388
77 215
103 860
255 920
135 885
163 981
260 627
277 790
365 788
103 278
77 583
93 208
217 911
153 741
147 656
235 794
19 988
440 937
2 197
128 744
55 296
32 938
122 992
144 932
145 944
104 634
219 966
135 477
40 495
70 836
319 699
450 955
21 865
137 824
293 949
411 852
8 274
373 987
351 950
59 986
16 212
122 294
11 656
18 703
261 736
55 992
47 987
274 957
76 349
65 651
102 905
86 627
185 957
345 973
41 465
111 694
266 606
270 910
298 628
325 947
278 825
290 637
203 594
100 358
150 864
61 130
51 273
213 831
405 882
46 272
324 650
376 768
278 807
41 292
163 587
170 816
243 992
82 840
191 942
353 762
29 84
33 787
26 128
170 448
217 854
10 191
2 530
359 776
257 949
159 990
198 841
277 975
53 551
182 954
121 843
116 431
83 746
23 863
336 748
219 696
253 590
465 969
369 965
157 854
149 548
157 870
79 381
137 868
34 704
202 909
261 776
118 707
133 780
136 559
163 497
136 357
46 210
46 131
209 531
5 949
15 139
158 553
136 418
222 830
279 566
254 533
406 956
202 546
22 574
154 998
455 936
74 425
153 780
79 981
290 989
457 974
190 432
106 961
51 727
245 751
260 884
108 630
177 457
349 769
104 638
98 536
352 980
154 662
197 1000
49 661
6 670
354 722
52 212
149 853
215 560
213 523
7 448
296 638
168 579
128 921
189 600
32 446
234 888
245 929
203 944
148 399
136 505
79 190
63 385
72 477
267 592
145 927
134 911
417 950
187 449
165 717
72 898
78 762
335 796
244 497
133 427
56 851
293 980
317 682
283 638
135 800
123 757
15 739
198 793
93 389
81 216
119 367
197 408
26 233
153 715
321 691
85 599
153 438
372 897
193 853
73 284
370 815
198 665
229 694
26 651
117 714
121 991
163 854
125 503
50 852
171 536
162 903
369 962
22 110
7 225
226 595
72 535
62 861
415 917
257 544
45 868
178 735
48 556
160 532
76 253
204 465
36 113
425 852
332 828
189 578
90 744
59 691
59 598
159 570
39 434
371 964
71 345
236 999
205 457
368 931
6 677
