1
100 3 5 7
2 8 1 6 4 8 12
4 6 2 3 8 24 6
1 20 100 20 5 1 25
30 3 30 15 30 15 10
8 8 16 8 8 8 8
4 4 8 1 32 16 4
15 25 3 15 25 5 1
10 3 2 1 3 30 2
2 10 5 40 20 5 20
4 1 4 32 16 16 4
4 4 4 80 20 20 4
9 3 4 4 36 12 4
25 5 20 20 20 5 25
5 1 1 9 3 3 9
30 3 1 6 5 30 15
16 32 32 16 8 4 8
15 15 15 5 5 15 15
60 1 5 5 5 12 12
30 1 6 6 2 1 6
4 3 4 12 36 3 1
3 10 6 2 3 30 10
4 16 80 20 5 4 20
6 1 6 6 2 2 2
4 4 5 20 80 4 4
8 8 2 10 8 8 20
5 1 10 3 5 10 2
8 2 1 2 8 2 2
1 6 1 6 1 30 3
5 5 3 3 25 25 15
2 4 2 6 6 24 4
4 5 40 2 10 1 5
4 64 4 4 16 16 4
5 12 60 3 3 60 20
4 3 15 20 4 5 1
6 4 8 8 3 3 6
6 18 3 3 1 3 1
50 10 5 10 1 1 50
5 4 60 60 5 5 4
2 4 5 2 10 5 10
8 10 4 20 5 5 8
16 32 4 8 16 32 8
8 1 20 20 4 5 20
12 4 6 12 1 24 3
25 50 10 10 5 5 1
50 10 50 50 50 5 50
12 4 1 1 4 1 4
8 8 1 1 8 4 2
4 4 2 4 3 3 1
10 1 2 1 5 20 2
6 3 18 1 18 3 3
4 1 1 12 1 12 4
2 10 5 2 5 10 5
3 5 3 5 1 25 3
10 10 10 10 5 4 10
12 4 1 4 1 2 8
3 3 6 2 6 18 1
100 20 20 1 4 4 100
5 10 15 3 3 1 10
8 20 10 4 10 20 20
15 5 5 75 75 15 1
1 2 2 3 8 4 6
16 16 1 64 16 4 4
1 4 1 4 12 2 4
4 16 1 16 4 16 16
125 5 5 5 5 1 25
4 5 12 60 1 4 15
15 5 2 5 5 3 5
2 3 18 6 18 6 1
4 16 1 16 4 16 4
1 25 10 5 2 5 10
6 15 5 15 1 6 2
10 4 8 5 5 8 1
25 2 5 25 5 25 5
20 5 20 20 20 1 1
15 3 15 3 25 15 1
8 4 1 6 24 1 1
2 2 1 6 2 2 2
3 15 75 75 75 25 3
4 1 1 16 4 20 1
24 8 6 8 8 3 1
64 16 4 16 64 16 4
2 2 50 1 2 10 50
1 12 6 6 3 4 12
1 1 1 6 2 2 3
2 1 2 2 2 4 5
8 2 2 40 2 4 5
15 3 5 5 1 1 3
18 6 6 18 1 6 2
2 16 32 1 32 1 4
5 20 12 3 5 3 1
3 12 3 4 12 12 4
1 32 8 8 4 8 32
12 15 4 60 20 5 4
75 25 15 25 5 15 5
5 4 5 5 25 25 5
3 1 15 1 6 1 5
4 12 36 1 3 9 3
12 36 12 3 3 12 36
3 3 5 5 10 5 1
2 3 3 1 4 6 3
