20
6 2
1 3 2
4 6 1
82 100
9 31 70
54 78 39
14 25 53
37 77 28
14 81 42
40 59 17
23 33 76
61 64 59
14 32 65
24 73 90
15 23 31
30 80 52
42 45 57
70 74 74
59 67 91
43 71 31
48 69 54
13 33 17
45 58 84
37 51 77
42 56 7
3 44 33
18 59 50
21 61 19
22 58 45
35 76 90
12 44 11
33 52 87
4 33 23
38 39 73
32 40 15
28 75 29
26 49 69
23 60 96
10 21 39
53 81 83
31 54 97
27 63 56
3 15 40
4 29 31
40 64 72
14 80 53
30 43 30
9 77 52
5 41 4
9 22 49
49 71 20
26 62 34
4 54 100
47 74 4
16 75 71
10 52 99
24 44 88
16 24 14
31 58 100
52 64 54
70 81 88
42 57 19
1 78 5
16 41 64
65 78 16
31 74 34
2 65 85
35 56 51
39 65 7
12 52 35
37 53 47
23 69 42
17 36 71
5 32 86
8 29 33
31 78 15
11 57 29
10 22 24
30 74 79
61 79 55
33 45 29
47 73 67
6 53 82
9 52 72
2 74 88
38 46 28
52 77 43
2 34 63
26 55 13
56 81 40
14 76 60
43 53 98
10 78 39
15 78 29
63 64 83
28 80 29
61 79 40
7 40 82
28 61 90
37 42 86
47 74 80
7 50 24
8 63 32
6 43 83
100 100
41 56 98
32 63 31
23 88 70
38 76 7
23 96 47
94 95 77
70 71 69
51 84 62
41 68 72
15 67 64
24 56 97
58 86 83
70 97 47
11 72 60
16 75 72
12 65 72
29 47 12
23 76 2
68 73 54
72 85 8
73 88 4
7 9 57
49 78 33
41 100 67
6 87 33
9 25 97
10 45 16
49 63 80
52 67 29
28 89 78
10 45 99
73 78 32
11 99 93
26 76 89
71 73 42
15 76 49
10 50 85
37 53 29
23 42 30
57 69 12
72 77 21
64 99 31
52 92 22
47 91 78
88 90 95
32 91 5
61 95 15
31 36 88
49 85 45
57 72 84
26 60 64
33 59 42
72 91 98
58 98 34
36 92 73
44 64 24
42 53 28
77 80 8
46 47 61
36 90 87
40 46 85
30 100 19
7 39 2
25 75 75
1 79 64
17 26 58
50 54 33
63 78 77
65 90 70
30 52 39
84 97 12
6 64 94
27 92 82
53 70 11
19 65 4
35 50 44
40 67 51
40 62 70
18 97 70
7 100 48
27 77 82
26 77 41
35 92 65
72 85 83
6 45 48
44 99 51
82 94 77
57 99 63
2 72 95
22 41 81
37 66 66
24 26 10
66 70 2
20 49 63
38 98 64
34 75 59
9 87 4
15 26 72
25 71 7
52 61 38
27 75
6 12 92
10 26 28
5 25 27
9 11 82
8 24 12
11 24 58
18 26 13
13 14 23
23 27 43
2 3 64
1 13 8
5 20 36
2 14 94
5 27 88
14 26 66
8 17 78
5 9 49
13 14 33
5 7 7
10 20 7
16 26 35
9 14 72
10 22 54
9 17 35
16 18 72
8 14 46
17 18 11
2 19 98
2 11 90
13 24 7
4 22 26
6 15 58
19 23 19
2 19 55
2 22 35
6 15 8
6 16 69
14 22 46
3 16 100
3 13 64
6 9 96
1 21 92
9 16 7
10 24 66
13 27 1
3 13 61
5 18 65
2 24 71
10 12 87
15 17 53
5 18 15
7 23 53
4 25 7
5 17 25
12 21 45
19 26 44
15 16 75
11 25 40
26 27 63
10 23 37
6 26 52
3 7 32
12 13 61
5 8 92
6 18 70
18 25 50
2 10 96
21 24 43
13 20 99
12 13 16
12 16 46
14 19 66
5 12 29
9 27 59
17 20 31
71 67
22 64 50
30 54 77
46 49 84
11 44 94
7 38 66
9 35 77
23 67 54
3 54 99
34 60 79
11 64 6
29 43 97
7 66 69
27 69 84
43 67 57
4 12 59
9 48 10
4 45 48
50 66 98
35 65 52
33 70 15
17 49 33
36 54 50
46 70 50
26 45 16
34 60 34
28 39 83
5 51 25
53 60 63
20 31 49
38 63 77
30 46 46
8 34 16
3 56 26
34 57 55
20 29 26
23 60 78
40 66 9
7 8 78
31 68 34
11 37 87
48 67 18
16 22 19
18 48 52
46 64 15
9 22 38
9 30 32
22 29 83
21 38 63
5 66 13
21 45 69
37 64 93
53 54 62
5 42 27
29 36 1
29 48 36
10 16 17
15 17 93
6 7 83
9 25 76
24 71 78
23 56 86
38 49 25
10 70 58
18 25 83
18 59 15
31 49 81
25 32 72
100 100
5 93 8
23 62 69
50 63 48
9 74 80
26 75 68
47 54 19
35 71 88
25 89 77
44 51 94
1 61 3
24 99 91
38 80 87
30 91 68
47 94 47
36 58 1
1 83 84
4 100 56
13 63 78
6 81 74
34 85 95
32 52 21
50 86 40
32 67 49
9 85 4
42 94 69
1 53 87
37 98 35
8 60 49
50 93 46
44 73 75
12 93 61
15 66 100
18 70 42
9 76 69
44 91 4
38 77 70
47 80 19
46 83 69
36 74 57
1 54 73
40 84 20
31 84 24
25 86 56
50 99 49
35 55 86
7 53 61
21 72 7
23 53 57
36 97 29
13 78 86
17 74 85
10 93 40
46 59 11
22 51 73
17 54 28
5 97 66
16 72 68
25 69 85
2 87 95
25 74 45
11 62 95
34 85 71
36 52 72
6 60 99
8 89 38
45 74 85
46 71 69
35 78 54
49 94 75
7 73 62
36 57 75
4 67 86
3 86 16
10 76 45
33 99 97
26 88 6
28 81 86
27 77 86
35 85 22
5 82 35
26 63 39
10 77 80
2 92 75
38 65 50
12 59 60
1 53 30
1 88 70
32 87 28
39 63 11
38 67 23
1 91 75
45 78 37
33 58 47
29 61 9
34 91 71
21 81 23
30 98 83
37 58 68
21 93 22
6 71 39
100 100
73 80 62
14 21 36
80 100 66
3 49 18
72 92 45
15 19 94
87 97 18
11 41 99
78 89 62
63 71 28
8 31 14
10 18 38
4 17 17
7 39 78
29 32 85
54 61 97
11 19 43
81 89 9
57 67 41
82 95 95
75 85 68
59 75 56
14 25 76
91 98 16
72 93 18
43 45 49
22 26 30
54 87 26
57 94 41
15 27 43
33 37 64
64 78 56
6 12 28
31 46 45
58 86 33
22 46 7
10 45 9
87 88 41
59 68 78
78 87 73
52 83 95
24 44 17
35 46 20
81 96 34
62 71 68
32 35 31
90 93 57
3 50 54
90 96 94
1 33 10
58 61 56
8 10 39
76 81 33
59 75 72
26 50 62
31 47 52
77 99 92
65 79 17
12 36 82
61 92 85
18 49 70
52 57 29
7 36 63
78 100 85
71 98 32
77 79 30
4 5 63
29 30 68
52 83 61
9 25 10
24 48 72
96 98 19
31 40 44
66 88 64
62 86 34
11 24 67
76 96 100
55 98 63
8 37 1
41 44 97
16 26 94
8 42 90
55 73 87
57 89 89
7 18 33
7 36 45
73 97 71
31 38 84
8 17 46
73 82 49
58 93 25
8 13 6
12 16 4
58 85 93
62 78 28
12 36 90
16 40 76
13 30 20
26 39 11
57 73 66
11 91
5 7 80
8 9 38
3 4 77
3 6 38
4 11 54
3 4 50
8 11 18
7 11 6
1 8 36
5 7 44
3 7 24
3 11 8
3 9 16
3 5 88
1 9 87
2 6 99
9 11 95
2 6 46
4 8 24
4 5 30
2 7 59
8 9 68
4 5 77
3 8 43
8 10 14
2 9 29
5 6 49
3 4 11
3 10 38
4 10 79
3 11 74
7 11 45
1 4 98
1 10 50
3 7 40
6 10 54
1 3 77
2 11 91
1 3 9
1 7 93
2 4 57
2 11 80
5 7 94
7 10 65
3 6 23
6 10 22
5 7 71
3 8 49
3 5 29
10 11 19
1 8 3
1 7 100
1 6 12
4 9 50
5 11 99
4 9 31
6 10 24
1 7 70
1 10 87
5 10 32
5 7 33
8 9 58
5 11 6
3 11 15
1 4 91
1 11 13
3 4 84
7 8 84
9 10 12
1 10 82
3 4 78
9 10 70
2 5 88
4 7 77
1 2 89
5 7 37
3 11 76
4 10 47
1 3 7
8 10 21
10 11 58
2 4 56
7 8 38
4 7 64
8 11 15
2 6 25
4 6 57
5 11 2
4 9 85
6 7 66
2 10 61
19 42
1 9 87
7 19 8
7 11 11
3 6 71
13 18 76
11 13 5
7 10 28
12 15 39
1 15 6
15 19 11
11 19 91
2 14 46
2 15 28
7 16 14
1 19 97
7 8 23
1 7 52
2 17 91
4 13 41
2 5 97
8 11 55
6 9 29
1 13 53
7 15 64
3 13 19
9 19 2
1 16 86
2 11 87
11 15 76
10 11 87
2 18 72
7 14 34
2 4 98
5 13 49
8 9 81
17 18 62
3 12 44
1 11 17
7 17 64
4 5 42
10 15 12
3 17 20
35 1
1 14 1
6 2
1 3 1
3 6 1
2 100
1 2 66
1 2 5
1 2 89
1 2 61
1 2 25
1 2 4
1 2 66
1 2 9
1 2 69
1 2 81
1 2 46
1 2 13
1 2 81
1 2 53
1 2 61
1 2 81
1 2 88
1 2 97
1 2 54
1 2 92
1 2 49
1 2 25
1 2 21
1 2 35
1 2 83
1 2 74
1 2 54
1 2 66
1 2 73
1 2 19
1 2 86
1 2 43
1 2 100
1 2 21
1 2 30
1 2 49
1 2 91
1 2 95
1 2 41
1 2 70
1 2 18
1 2 25
1 2 38
1 2 16
1 2 78
1 2 74
1 2 66
1 2 42
1 2 35
1 2 61
1 2 86
1 2 3
1 2 11
1 2 75
1 2 20
1 2 59
1 2 62
1 2 99
1 2 16
1 2 93
1 2 59
1 2 10
1 2 21
1 2 96
1 2 95
1 2 66
1 2 26
1 2 53
1 2 99
1 2 85
1 2 98
1 2 44
1 2 16
1 2 2
1 2 21
1 2 30
1 2 59
1 2 10
1 2 49
1 2 29
1 2 85
1 2 94
1 2 23
1 2 85
1 2 24
1 2 81
1 2 3
1 2 90
1 2 37
1 2 49
1 2 23
1 2 51
1 2 95
1 2 16
1 2 30
1 2 88
1 2 57
1 2 94
1 2 84
1 2 67
10 2
1 7 2
6 9 1
12 58
2 9 38
2 9 34
2 7 7
2 5 91
4 9 66
6 11 2
5 7 49
2 5 5
8 9 33
11 12 58
10 11 34
5 6 71
1 6 100
6 9 34
6 12 38
1 11 1
5 10 41
2 4 56
9 12 92
7 9 68
8 11 33
4 10 42
4 10 50
3 6 19
1 11 24
1 6 21
6 8 69
1 9 29
1 2 100
5 7 17
4 11 76
9 11 56
8 10 59
6 9 67
3 8 94
3 4 48
2 4 74
8 10 71
9 11 75
2 10 13
8 12 20
4 8 18
2 5 53
10 11 97
5 12 57
5 10 24
2 7 86
2 5 56
5 6 45
7 11 90
3 5 83
3 4 20
1 12 41
4 10 94
2 11 96
9 10 19
6 8 41
4 5 13
86 9
27 74 99
61 78 98
33 65 49
55 75 19
4 24 10
23 37 78
45 56 41
28 70 29
25 39 7
55 34
9 45 19
9 37 15
9 26 80
14 54 35
40 55 69
17 34 2
22 28 42
9 21 76
16 35 84
37 49 59
6 40 16
3 35 92
35 46 48
37 52 48
3 23 26
13 47 32
8 37 13
29 34 69
50 54 50
15 53 51
22 37 66
8 35 26
4 17 73
7 37 41
17 31 5
28 37 59
17 32 65
32 42 45
5 32 15
31 39 51
38 49 34
16 42 49
10 14 71
17 45 31
60 50
10 49 91
1 10 62
2 10 91
2 47 71
7 55 10
2 14 99
46 60 54
10 58 64
43 54 11
47 55 59
48 55 63
16 59 55
39 57 88
4 21 65
19 56 27
37 59 6
9 60 93
11 24 37
19 48 100
36 59 97
45 55 81
21 54 67
20 36 73
5 40 58
5 42 86
29 60 87
1 4 45
10 14 16
16 20 84
27 52 90
52 60 48
36 41 13
35 44 3
28 29 40
26 53 49
4 34 26
36 45 98
8 32 40
32 56 42
4 8 31
15 20 53
45 58 62
22 52 47
25 39 26
19 28 95
12 44 15
43 47 53
32 49 28
20 27 41
11 41 47
19 25
5 6 76
7 13 53
1 6 52
6 14 93
4 9 46
4 12 100
1 13 85
3 13 66
2 17 86
3 9 76
10 12 64
11 17 33
2 16 34
2 11 90
4 15 39
2 19 20
9 11 74
1 3 35
7 17 82
2 12 19
2 8 80
3 11 31
1 2 46
3 18 87
13 19 65
80 83
31 45 68
48 61 12
34 63 74
1 78 96
31 71 20
3 24 1
23 34 3
17 53 66
62 72 24
10 11 99
15 77 81
15 52 26
49 58 1
51 77 40
36 77 83
8 66 77
24 52 98
34 52 31
33 48 75
35 51 61
15 21 48
12 16 30
2 18 5
16 55 84
6 78 62
51 60 41
4 22 27
39 44 16
65 77 39
3 41 3
3 38 14
23 74 99
2 20 20
5 14 68
31 37 6
7 72 94
3 15 1
19 79 57
28 49 14
12 21 51
36 43 3
23 58 62
23 78 34
11 31 19
9 29 70
44 66 11
1 58 23
19 25 22
31 73 1
28 31 47
57 70 47
40 61 19
1 4 99
1 38 79
40 47 86
57 70 11
45 60 34
10 26 15
27 78 44
43 78 93
30 59 53
70 79 94
15 26 17
12 31 41
10 18 58
3 29 73
13 57 92
5 33 19
23 35 76
5 19 58
34 52 14
9 13 46
21 49 47
17 51 82
32 55 96
23 44 72
16 22 38
6 8 24
2 28 70
38 50 72
6 48 30
34 54 16
46 73 86
96 17
64 96 52
41 65 61
37 67 67
53 92 33
40 94 94
79 91 24
69 78 58
23 83 77
44 78 100
22 62 28
41 65 78
24 30 96
34 50 82
33 65 68
7 45 20
56 93 50
26 57 85
