100
23 4
50 1125899906842624
30 1073741397
42 2199023255552
38 274877906930
20 1047806
14 1
44 17592051826688
24 320
4 13
13 4095
8 193
10 95
46 35184372088831
33 7196694274
39 13389
50 1
45 17592186044417
18 262144
31 1073741825
14 143
50 562949953421313
29 1
50 1125899906841537
31 63048
7 77
42 3830886123257
26 6651924
17 131071
39 549123718483
39 549755813888
38 671537025
45 35115652612096
22 4194303
33 14533801
31 32
24 1989
1 1
45 34979336180306
34 17146314753
28 268434432
14 16353
17 131071
11 120
32 4294967232
26 59849080
11 1024
38 255
49 549755813887
34 7
47 140737488343277
39 549755813189
29 532736577
35 59489
41 885557892823
22 2097152
22 4193023
50 1125865547104257
5 29
25 131072
50 33554431
10 513
7 63
18 230547
50 207422174
23 4194305
41 1099511627777
41 2199023255552
42 31
11 1023
35 5870578
50 562949953421311
45 3508127
22 289
18 1070
16 32768
50 562949953421312
12 4
42 4398046511103
11 1
45 35184322081830
50 1125899906842623
3 8
36 1024
46 1099511627775
50 134217728
50 1125899068629438
41 1099511627776
1 2
35 34357641217
28 177052
29 536838144
8 241
44 8796093022207
50 1125899906826240
49 452078277138224
50 1015260
22 4193967
6 1
23 8388607
