100
2 1
7 64
8 1
3 5
6 15
6 53
9 14
4 8
5 20
9 457
10 511
10 40
8 175
10 961
3 4
8 240
4 16
9 255
8 127
4 3
6 10
8 234
3 3
3 5
3 4
10 42
10 206
10 492
3 4
9 482
5 32
6 61
8 254
8 16
7 31
10 512
5 18
8 127
5 21
7 65
5 15
10 921
8 129
8 26
9 511
10 128
3 5
8 64
8 7
3 6
8 35
9 504
10 31
10 1023
10 1016
10 99
4 16
10 22
5 31
6 9
7 28
2 3
6 50
8 31
9 405
8 255
9 10
8 127
6 11
10 1024
1 1
10 1
7 105
5 8
5 8
8 255
6 1
6 49
2 4
6 2
7 101
8 18
8 56
8 129
10 513
8 129
8 129
9 449
6 57
5 28
5 3
1 2
9 20
5 16
9 240
9 1
5 19
8 253
8 7
8 152
