100
8 192
7 98
10 993
10 493
4 2
10 973
8 78
5 10
5 17
6 57
5 32
8 15
10 14
9 26
8 97
4 15
3 5
5 1
1 2
5 25
6 32
10 519
3 4
2 4
6 13
3 6
6 45
10 1
7 64
7 65
7 67
7 119
3 3
7 127
10 513
9 56
8 1
7 119
8 128
4 7
9 66
10 46
9 255
7 9
5 23
6 64
9 255
6 60
6 56
6 9
8 31
8 82
3 6
10 963
7 75
6 16
9 505
7 64
10 511
1 1
9 306
3 2
10 512
8 18
9 257
5 15
4 4
7 12
9 255
10 31
8 255
6 3
7 114
10 63
10 8
10 1024
7 7
5 21
10 1020
5 32
8 10
2 1
9 488
10 181
4 2
8 255
7 65
5 31
8 249
5 21
6 61
10 1023
7 87
7 7
5 10
2 2
6 15
7 1
9 22
9 257
