100
1 2
00
01
4 9
111000001 010111001 111100010 111101100
100010101 100011011 100110110 001001110
3 9
111000000 100101110 010010101
011001011 110011110 000100101
2 9
101111101 011100101
001111011 000010111
10 9
001010011 110110010 001001001 111101110 001001110 111101001 000010010 000000010 110100010 111110011
110110110 110100110 111111010 001011101 001000111 111111101 000010110 000000110 111100111 001011010
6 6
110101 010000 010110 100101 000110 000000
110000 000101 010101 010011 100000 000011
10 10
1000011110 0010100001 1001111110 1110100100 0011000001 0101101010 1101011101 1110110010 0101001001 0010010111
0101000000 1101110111 0000000011 1010001010 1011011100 0110111001 0110101111 1101010100 1010111100 0001100011
8 7
0110001 1111001 1000110 1011110 1100001 0100001 0000110 0010110
1000110 0000110 1100001 1011110 1111001 0010110 0110001 0100001
9 9
001000001 110100111 111111000 111001001 001000000 001000011 001000101 001011000 000010111
110001111 110001100 001101000 000000110 110001110 110010111 000110111 110001010 111011000
5 10
1111111111 0011111011 0101000101 0001101100 1111000111
0010011001 1000011011 0010100001 1100110010 1110100101
10 10
0000110111 1001111000 0101000110 1110011000 0101111001 1000100111 1110001101 0011010010 1011001101 0110100010
1101001100 0101100011 0011110110 1000001100 0110111000 1101011001 1011100110 0110000111 0000010011 1010111001
4 7
1100100 1000100 0110111 0010111
0111110 1101101 0011110 1001101
1 5
10101
11110
3 9
111111011 000011000 111001000
111101100 110011101 010101111
2 6
101001 100001
011111 101111
4 6
000110 010010 000101 010001
101110 101101 111001 111010
10 10
0101101101 1110001101 0001110111 0101110010 0000010000 1010011011 1011000010 1001101000 0110101110 1110010101
1000100101 0011001001 0111000111 0000111010 1100100000 0010010000 0111011111 1001000010 1111111100 1100111111
2 9
100100011 000010100
101100011 001010100
9 7
0110100 1010100 0101011 0100010 1011110 1111010 1000101 1101000 0001010
0011000 1010010 0101110 1011011 0100100 1111010 0110101 0001010 1000100
7 8
01001110 00110000 10100101 01001000 11001011 11100111 10000011
00011110 10110001 11001001 00110010 10110111 01111010 01011100
6 7
0000101 0100001 1101000 1101100 1001100 0100101
0010001 0010101 1011100 0110101 1111100 1011000
4 6
101101 101010 010100 111111
010111 000010 010000 101001
10 10
0011010000 1010111000 1001100001 1111101111 1100110101 0000000110 0111001110 0100011111 1101001010 0010110001
0011011100 1010110100 1101111011 1001100010 1110101010 0110001011 0000000101 0101010001 0100101110 1011010101
4 6
000001 000101 010111 101001
110011 101000 101111 011100
7 6
110010 000010 001100 110110 010010 011100 110111
110101 011110 110100 110000 000000 001110 010000
10 10
0110011100 0001010111 1111001010 1101000011 1000101000 0011010101 1110110101 0001100001 0010101010 1100111110
0010001101 1111101101 0111000100 0011110010 0000001111 1110010010 1001110000 1101100110 1100011011 0000111001
10 10
1010001011 0101011001 1001111110 0000010100 0110000110 1011100101 1100100001 1111110000 0001001111 0110111010
1000000001 1011110100 0111010011 1001101111 0100110000 0100001100 1101111010 0010011110 1110101011 0011000101
10 9
010010101 011101101 110001101 101111000 101101011 011100101 111110011 101110101 110011100 110000111
000000100 010001001 101111011 110111100 000101000 001110100 110011011 000101111 011110110 111011111
10 10
1110001001 0111011100 1000100000 0010000011 0001111000 1010110101 1101101111 0001000110 1101110110 0110011011
1010010010 1100111011 1000000111 0011001010 1111011101 0000110001 0011110100 0101101110 0100101001 1111000100
2 10
0100111101 1001010010
0110101101 1011000010
10 10
1111100010 0001111011 0011000100 0110101111 1011010101 0110101100 1000000101 1100010001 0100011010 1001111010
1100000011 1100000000 0011010101 1011010100 1110110101 0001111010 0110111110 0101001101 1001101011 0010101010
10 10
1011100110 1010001111 1110010001 0001011000 0101110101 0001110101 1000101001 0111001010 1100010010 0110101110
1111101101 1101001011 1001010101 1100100010 0000001110 1011010110 0010110001 0001101010 0110011100 0110110001
3 6
000001 100101 101101
110101 010001 111101
2 10
1011110110 0111000101
0111001101 1011111110
1 9
000001010
111011101
5 6
000001 110001 001110 000110 100010
011000 100111 101000 001011 101111
5 10
0000111100 1000010111 1001001001 1011110100 1000111100
1001101001 1000110111 1110101001 0000101000 0111000000
9 9
100011001 010101010 101100000 101110001 001011110 111100001 000101100 110110000 011000001
110101111 011010101 100100001 101100000 110001100 001110100 100101011 111011010 111101011
4 10
1100100011 0100100111 0011001100 1011001000
1011001100 1100100111 0011001000 0100100011
2 3
111 110
110 111
10 10
0110110001 1110110011 1000101001 1111000110 0001011101 1011011010 1111101010 0000000101 0001101100 0100010110
0101111110 1010100001 1011010100 1111001000 0010100011 1011111000 0101001111 0000000100 1100111011 0100010111
2 8
01000010 10100101
10111101 01011010
1 6
010010
000001
6 5
00011 10011 00000 10110 10000 00100
01111 11100 11111 01011 01100 11001
2 10
1010010001 1010011011
0000011110 0000010100
8 10
0100100100 1110110011 1000100110 1011001011 0000101011 0011010001 1010110100 1000001010
1100110111 0111001100 1101010100 1110100111 1111100010 1110000001 1100010000 0111111011
7 10
0001000111 1001111100 1111110111 0111001111 1101001010 1101110100 1110101111
1010010010 0110011101 0110001100 0110010001 0010110111 1011000001 1001001010
4 5
11100 00011 10001 11001
10001 01001 00111 00101
7 10
0101011111 1000101100 0011001110 1111101111 1000110111 1100100010 1001100101
1101001101 0001110111 1100011111 0111100110 1100000100 1000001010 1011000111
3 8
00011101 00101101 00000101
10011011 10101011 10110011
4 7
1101111 0101011 0111100 0001010
0101100 0011010 1001001 0001101
2 6
100000 111000
110000 101000
10 10
0101000001 1010110111 1000110111 1111000111 0100111000 1011001000 1101000000 0000101100 0011011111 0110111010
0100101101 0001011010 1101010101 1001000001 0010100101 0011011010 1010110010 1111010111 0110101010 1100101100
2 9
010110011 011110011
111001100 110001100
10 10
1100010000 1111001110 0011000010 1001001101 0101110101 0010101010 1100111000 0110111111 1011010011 0000100101
0011110011 1101010101 0100110000 0001101101 0100011000 1000000101 1011100010 1110011111 1010001010 0111101110
9 8
11101010 10011001 00101000 11001101 01111110 10110100 10111001 01110000 11010110
00001101 00110001 10101011 11110011 00010110 01100010 01101111 10100101 01000010
2 10
0001100011 0100110101
0100001001 1000100101
5 4
0001 0110 1001 1011 0010
0101 0001 0100 1101 0000
2 8
11101100 10110011
00101100 10101111
10 10
0110001010 0011010111 1110110001 0000101101 1000001000 0011010110 0101110011 1101010111 1011101000 1100101100
1100001010 0001101100 1001010011 0010010110 1110010111 0111001000 1010110011 1111101100 0001101101 0100110001
5 8
10010011 01000110 10001100 01001011 11101010
01000010 01001111 10000101 10011010 11100011
7 10
1111101101 0000111011 0010010101 1101010001 1111000100 0001110100 1011100000
0001100101 0011001011 1110011010 1110110011 0000101010 1010111110 1100001111
10 10
0000110001 0001001101 0011011110 1110100010 0111101110 1100000001 1101110000 0000110101 1111011011 1010001110
0101111011 0010100100 0110010100 1001001011 1011101000 1000111010 1111000100 0101111111 1010010001 0100000111
10 10
0111010111 1100111000 0101110011 1000110110 0000100001 0010001000 1111011010 1011001101 1100000100 0011101111
0110110101 0100010001 0011101010 1010101111 1101011010 0001000011 0010001101 1110111000 1001010100 1101100110
2 3
101 001
000 100
10 10
0001101110 0010110010 1001000001 1110011001 1001010111 0110101110 0111010010 1001110101 0110001000 1100101101
1110100101 0000100000 0001111010 1110000111 0001011100 0110011100 1001101011 1110110011 0101000000 1011011111
6 10
1111001100 1110111011 1110001100 1111111011 1001000100 1000000100
1001010010 1001100101 1110101101 1000100101 1111101101 1000010010
8 4
1001 1011 0110 0100 1100 1110 0001 0011
1001 0011 0110 1110 0001 1011 1100 0100
10 10
1110010000 0101100101 1110000110 0001011111 0100110101 1011001001 1000000110 0011111001 0101111010 1010101010
1011111111 0110000011 1101111100 0100101111 1011100000 1111011010 0000000011 0000010101 0101001100 1010110000
5 9
101000111 111100111 111000001 001100001 100001001
110110011 011000100 100101100 110111111 000111001
10 10
1111010001 1110101000 0011011001 1010101111 0101011101 1100110100 0001000110 0010001010 1101110010 0000100111
0000001010 1001100011 1100011001 1110110100 1101111000 1111100111 0110010001 0010010110 0011101111 0001001100
6 6
110001 101010 110011 101000 001100 001110
001000 110111 101110 101100 110101 001010
10 10
0100100010 0101001110 1111110111 1010101000 1100110000 0001111101 1011010011 1001001101 0110001011 0010010100
1100111110 1110100000 1000011010 1011011101 0010100011 0110010000 1101000101 0001100110 0011001111 0101111001
10 7
0010111 0010001 1110111 1101111 1111101 0011001 0001000 0011110 0000000 1011111
0011111 0001000 0010110 1010111 0010001 1110101 1111111 0011001 1100111 0000000
6 8
11011001 10000111 10101010 00000111 01011001 00101010
01010100 01111001 10001010 00001010 11010100 11111001
2 10
0011101001 1000010011
0111101000 1100010010
4 6
111100 010111 101110 000000
100110 000100 001110 001100
9 8
01100110 11110101 10000111 10110100 01101010 01011001 01000110 11011101 10010100
10010010 01001100 01101100 10100001 10111110 10011110 01111111 00001101 00100101
8 7
0110011 0001100 0110100 1110101 1011000 1100011 0111110 1111010
1101100 0101000 0100101 1100011 0011010 1001110 1110101 0100010
8 8
00010111 00101111 01000111 10000101 11110100 11110001 01110011 00011110
10010001 00001010 10100000 01111011 01111110 10011000 11111100 11001000
2 9
011111101 011111100
010101100 010101101
1 7
1010111
1000111
6 8
00010110 00010011 00010101 01111011 11100100 00010010
11111111 10110111 01110110 10111111 01110000 10010100
3 9
010100110 101010011 110110110
010101101 110111101 101011000
10 10
1101001011 0011000100 0100100100 1111110110 1000111111 0000111010 0010011001 0111001000 1001110001 1110000111
0101011010 0011011101 0001100000 1100010001 1110110010 1111101111 0100010100 0010101100 1000001111 1011100011
10 10
1001000100 0100011001 0110110010 0010101111 1111001101 1001100011 1000111100 0100110001 1011011110 0111000010
0100000100 0111100110 0011110101 1000100001 1010001010 1110010111 0101111100 1011111010 0101011011 1000001001
1 5
11011
11100
10 10
1001111000 1000010011 0111000111 1100101011 0110011100 0000111110 1011101000 1011100101 0110010010 0101000101
0101110111 0010111001 1110101100 1011010111 0110000001 1000000000 1000001110 0101111010 0111101010 1001010101
2 8
10111000 01111100
01000101 10000001
2 9
001111100 010000001
010000001 001111100
4 9
101101101 001011010 001101101 101011010
000100101 100010010 000010010 100100101
6 7
1100111 1111011 0000101 0011111 0011110 0110000
1111100 0011000 1100000 0000010 0110111 0011001
10 10
0100010111 0111011001 0010110101 1000100100 1101111001 1010000000 1111101011 0011001110 1100001010 0001110110
1101100001 1100010010 1000111100 0010101101 0001101110 1111110011 0111000001 0011010110 1010011000 0100001111
8 6
100000 010110 010010 000000 010100 111000 101010 001110
011101 100001 110111 111001 010111 001111 100101 100011
6 6
001010 011011 110101 011101 110001 001001
011001 001011 100001 100101 001101 011010
10 10
1101000100 1010011110 0100101001 0001011011 1000110000 1111111100 0011100111 0111000010 0110100101 1000011011
1101111001 0100010100 0001001011 0110101100 0011001110 1111110101 1010110111 0001100000 1110010010 1000001011
10 10
0111100011 1111011101 0010110111 1011011100 1001000000 0100101000 0111001011 1000111000 1000100111 0100010110
1010101011 1101001110 0000100100 1010110100 1011010011 1001001111 0110111011 0101011000 0101110000 0110000101
10 10
1001110100 0000110101 0101100010 0010001011 1010001100 0110010110 0011011010 1111101001 1101111111 1100000001
1101110000 1110011111 1100100001 1000111100 0010101011 1011001000 0100100110 0011010101 0111011110 0001000011
10 10
0100100010 1001000111 1110100001 0111011001 1111011111 0011010100 1000100000 0110111011 1000011110 0001101100
0110100110 1110111100 0111011000 1111011110 0000011001 0000100111 1001101011 1100100101 1011010011 0001000000
4 10
1110100100 0111111110 1110011010 0110000011
1010100110 0011111100 1010011000 0010000001
