100
1 2
10
00
2 5
00011 01111
00010 01110
2 10
0101001110 0101101110
1110100001 1110000001
10 10
0010101100 1010110100 1001001101 0000101011 1101010010 0101010101 0110101001 1011111010 0111010011 1100000110
1110010010 0000111101 1011101100 0110010101 0111000001 1101101110 0001110011 0010001010 1001101011 1100010100
10 10
1111100100 1010001111 0001011100 0100111001 1100100010 1010011111 0000111001 1011000000 0101000111 0111110010
0011011110 1011001000 1100000011 1001111101 0110100101 1101100110 1000000011 0000011000 0110110101 0111111010
2 4
1101 1110
1001 1010
10 10
0000111011 0101110110 1110000001 1001000001 1001110000 1011010110 0111101111 0010001100 0100011010 1110101101
1000101001 1111111101 1010011110 1101100100 1100001000 0001100010 0001010011 0110111111 0110010011 0011000100
10 10
1010001110 1011101101 0001110011 0110100000 0111110100 1010010001 1100011101 0101011110 1001000011 0100101010
0000110001 0000101110 0110111101 1101010100 1111111110 0011100011 1011010011 1100000000 1110001010 0001001101
10 6
011011 110110 010100 011101 001101 110111 101010 010001 100101 001100
101010 001101 011110 100110 001100 110110 101111 010001 110111 100000
10 9
101100011 101011010 011011100 101011101 100100011 011100101 100100111 111001001 001100011 100001001
011010011 010101001 100101000 000111101 011010111 011111101 010010111 110010111 010101110 100010001
10 10
0010000000 1000100011 1111001010 1000011100 0100110100 0001010100 1110101011 0101101101 0111111011 1011010111
1000010000 1100001101 1101101100 0111110011 0100111100 1011100100 1011011011 0010010011 0110101010 0001000111
9 8
11001011 01101110 00111001 00100101 01011100 10010000 00101100 11110111 10000000
00010011 01100011 10111111 11110100 00000110 01010001 00011010 10101111 11001000
2 9
101101011 001101001
011100101 111100111
10 10
0001001001 1011011111 1001001101 0010101000 0101010111 1100100100 1110110110 0101110010 0010100000 1110011011
0111010101 1001011101 0000101110 1110101010 0101000111 1001111000 0010010001 1110100010 1101000011 0010111100
4 8
10101011 01010100 01111111 11011001
00110101 00111011 11011110 10101001
10 10
0010011000 0011111010 1000000110 1000101101 0100000001 1101011011 1111001010 1011110101 0110100100 0101110111
0110111111 0101101100 1101000000 0010000011 1000011101 1111010001 0011100001 1000110110 1011101110 0100011010
5 9
000000100 010011110 010100001 111000110 111101110
101111010 110001111 100000000 100100100 011010010
3 2
11 00 10
10 00 01
10 10
0100110000 1010000100 0011011100 1010011010 0101101011 1100000001 1101101111 0111010111 1000110100 0011101011
0110011110 1111110001 1000101010 0100101110 1011001101 1111000110 0001110101 0000011011 0110000000 1001110001
2 8
11001111 11110001
01001110 01110000
3 9
110110011 011001111 110010011
101111010 101000101 111100011
10 10
1111001101 1001101111 1110111100 0001101100 1001110011 1000010010 0110110001 0011000011 0100000010 0110011100
1000010011 0001000010 0100011101 1110110001 0001101111 1001100010 1110101101 0011011100 1111001100 0110110010
10 10
1000101001 1101101101 0100011000 1011001111 1000000110 0010010001 0111110110 0010011000 0101110111 1111100010
0101011101 1100001010 0001110000 1001100100 0110010100 0011111111 1100000011 1010001010 0110111011 1011100101
2 9
100001000 111101101
111101011 100011110
10 6
001011 011010 101100 111010 101101 110101 111101 001001 111111 111110
101111 011001 111100 001010 100101 101010 101101 101110 011011 111101
10 10
0010101101 1011011001 0111011100 1100110010 1001101011 1001000101 0110110001 0100001010 1111110110 0000000110
0001011010 0010011110 1100000001 0111000111 0101110101 1000011101 1001110000 1110101010 0111101001 1010100110
5 6
000110 010100 111101 001000 110110
010111 101010 111110 111011 100011
10 10
1110101111 1001111001 1001010110 0101001011 0110110000 1010000010 0100011101 0101000100 1010101010 0011110101
0011110001 1010000110 1100110111 0000001010 1101101110 0011011001 0000100101 1100111000 0111011100 1111000011
2 6
010111 001101
011001 100111
8 6
111101 011000 111011 011100 001000 101001 111001 011010
100111 110011 000110 110101 010100 110111 010010 010110
10 10
1011011010 1111100010 0010011001 0001011011 0101100011 1100100000 1111100110 0110100001 1011011110 1000011000
0010011110 1111100001 0001011000 0110100110 1100100011 1011011001 0110100010 0101100000 1000011011 0010011010
4 7
0001000 0010011 0111100 0011110
0111101 1010110 0011111 1110000
2 2
11 01
10 00
5 10
1001111001 1000111110 1011010001 1001000000 1110001110
1010111011 1001101011 0001011101 1101010010 1101001111
6 3
101 100 111 011 001 000
101 111 100 011 001 000
6 4
0011 1000 0100 1111 0010 0111
0110 1010 1101 1110 1001 1111
10 10
1010011111 0111100000 0000000011 1010011010 0011111101 0100110101 1011110100 1100001111 1101001000 0101100010
1010000011 0011100001 1011101000 0000011111 0111111100 0101111110 1010000110 1100010011 0100101001 1101010100
9 10
1000011111 1100101100 0000010010 1100010000 1110010100 0010110111 1110111010 1000101001 1010011001
0101011001 0110100001 0110001000 1101111100 0100010001 0101010011 0101111010 1000001001 1001110111
6 9
000111001 011111111 000100101 111110011 100001101 011101111
100100011 111100101 100110011 000101111 111111001 011010001
6 8
01010111 01011101 00101001 10100011 11010100 01100110
10101010 01111000 00000011 01100101 11110111 10101000
10 10
1110001001 0010101100 0011111101 1011101001 1110110110 0100000001 0101011010 1100010010 1001010111 0001100110
0010000010 0101011100 0000011001 1110100111 1111110110 0010111101 0111100010 1001010001 1000001010 1101101101
10 10
1100111011 1100100111 0001010101 1011010000 0110011010 0110001100 0010000000 1101111001 0001101110 1011100111
0010110101 0101101100 1111101001 1111011110 0101010111 0010100011 1000011110 1001000000 1000000010 0110111001
8 9
001101110 111000010 011001011 010001001 110101000 110000000 000101100 111101010
000010000 001111010 101011011 000111000 100011001 111111110 001010010 110111100
10 10
1101001110 0110011011 0110101100 1110010000 1011101010 0001110101 0101100100 1000100001 1001010111 0010011011
0010111011 0111010100 1100000001 1111111110 0001110000 0100001010 1011101111 1100110110 1000000001 0011001101
3 10
0110100101 1101100000 1011001011
0001111111 1100010001 1010111010
4 10
1111101100 0000100100 0101111111 0000001000
0010000101 1000010110 0111011110 0111110010
10 10
0001011101 1110100000 0111100110 1101000010 0001011100 1000100101 1010001110 0100011011 0010110001 1111111011
0100010100 0110111111 0011011000 1100101011 1001111100 0000111010 1010000001 0001100001 1111000111 1111000110
10 10
1110000011 0100111101 0110111000 1001001011 1110100111 1001110001 0011011100 0101010110 0001000010 1010101100
1110010101 0001100110 1001011101 0110011100 1110101111 0010001000 0011100011 1001111001 0100000010 1101110010
3 8
01010111 10101100 00111110
01111111 10001101 00100010
10 9
101000001 101000000 101111101 011101110 011111111 011001011 011000010 101101100 011000011 101001001
011010010 011010011 101010000 101101100 101011000 011011010 101010001 101111101 011111111 011101110
2 4
0101 0000
0111 0010
1 7
0010001
0000100
1 4
1101
0111
10 10
0010011010 0111101011 1000001110 0011010100 1100100000 0111110001 0100010110 1101111001 1011001111 1000100101
1101101010 0011010000 1000011011 0010001001 0111010101 0100111111 1100100100 0111111110 1011100110 1000000001
10 10
1000000110 1010110110 0011100001 0011011101 0110011100 1101001011 0111110101 1000101010 0101010011 1100101000
1100001101 0111010110 1100110001 0101100110 1010000011 0111111010 1001001100 1000100101 0011111000 0010011011
2 8
01110000 10010100
00111011 11001111
4 7
1110101 1111111 1001010 1000000
0010101 0011111 0100000 0101010
8 6
011100 010111 101101 101001 010011 011000 001100 001000
110111 010110 100111 010010 110011 101000 101100 100011
10 9
101011011 010100010 000110011 101000100 101111011 110010000 010000010 110110000 000010011 101100100
100010111 011010001 111100011 001000000 111000011 001100000 011110001 100110111 100001000 100101000
10 10
0011110000 0000001110 0011111010 1100010110 1110101000 1101011001 1000000001 0111100111 1111011111 0000100101
1101001111 0001111100 0101101011 1110010000 0000110011 1101100100 0010110101 1010001101 1110011010 0011000010
10 10
0011101000 1010010111 0101100000 1010001001 0101001100 1100101111 1111011110 0010010010 1100110111 0001110001
1100011111 0110100001 0101010000 0011110110 1000001110 0101001000 1100110011 0011101000 1011101101 1010010111
10 10
0100001001 0000001001 0110000110 0001000011 0010000110 1111101110 1000000000 0101000011 1011101110 1100000000
0011110110 0100011000 0111110110 1011111111 1111111111 1101110000 1010110101 1110110101 0000011000 1001110000
6 9
100010011 111011010 101111010 000100111 111001100 011110110
110100110 111001010 100100110 110001100 010101011 011000101
6 4
0101 0000 0001 1000 1001 1101
1000 0101 1100 1101 0000 0100
1 10
0111010101
0000100101
6 9
111001101 101011010 111011101 001100010 011100101 101001010
010101101 110000101 000111010 000101010 100000010 010111101
10 10
0010001110 1111110011 1110010100 0001100011 1010100011 0001001101 1111111000 1100111101 0000011000 0101000110
0100111001 0011110001 1001001111 0110101111 1000100011 1010001010 1100010100 0111010100 1001000100 0111111010
2 7
0100101 0101101
1101111 1100111
10 10
0101001001 0000101010 1000100110 1011111101 1110000011 0110011111 0011000010 0011011100 1100110001 1101110100
0111010110 1001100010 1010111001 1100011100 1111101011 0001011101 1110101110 0001000011 0010110101 0100000000
10 10
0001000100 1111001010 0011001001 0110101011 1000111100 1100011111 1111110110 0100100101 1000010011 0011110000
1100101110 0101110011 1100010010 1011001011 1111000111 0000010001 0000101000 1011100100 0010011100 0111111101
10 7
0101000 0110111 1101000 1100100 0010101 1011001 0000010 1101001 1101101 0011111
0000010 0110010 1000100 1101100 1001110 1011001 0110110 0110011 1110011 0111111
3 10
0011100010 0111001000 1111101011
0110010111 0111110001 0100101110
1 2
00
01
4 10
1010111000 0111101100 1101011100 1011000001
1110010110 0010100010 1011101100 1101000001
7 9
011111000 100111111 110111100 011010010 001100110 010111000 000000101
010000100 001011010 111011101 011100111 101011110 000110000 000011010
4 6
000001 100011 000011 100000
110011 110000 010000 010010
4 7
1010110 1001100 0110000 0111010
1011010 0110110 0101100 1010000
3 7
0100100 1001101 1110011
0101000 1000001 1111111
5 10
1010011001 0101000001 0100111101 1010011101 0110010011
1101101110 0011001010 1101101010 0001100100 0010110110
7 7
0110001 1000011 0000101 1111001 1001001 0101110 0101111
0110100 1100010 1111100 0001110 1100011 0000100 1001000
3 6
110110 111101 001101
110100 111001 100010
10 10
0100101100 0110000000 0001100001 1110110111 0001011011 1010010111 0101011101 1101001110 1010100000 1011111010
0110101000 1110011111 0100000100 0001110011 1011010010 0101110101 1101100110 0001001001 1010111111 1010001000
6 5
10100 10101 11101 01101 00101 11100
11111 00111 01111 01110 10111 00110
10 10
1001110111 0101010011 0000011111 0011010100 0101100100 0010101011 1101011000 1010100000 1110101101 1110001010
0111010000 1100101110 1010101001 1011010110 1100011001 0111110111 1001100010 0100100101 0000001010 0011011101
10 10
0101101101 1001111010 0111100100 1000100111 1001100100 0010010010 1110011011 0010001101 1101011010 0110010001
1010000000 0011111111 0101000011 0100000000 1011110101 1111110110 1111101001 0100011110 0000111110 1000001001
8 10
0000110110 1111001000 0000000111 1011111000 0100000110 0000010111 1011001001 1011011001
0100100110 1111011001 0100010111 0000100111 1111101000 0100110110 1111111000 1011101001
10 10
1000010110 1111101001 0111000000 0011101011 1000111010 1111000010 1000101101 0000111110 0101010101 0110010101
1101101100 0101101110 0001000101 1010010100 0100111011 0111111011 0010010000 1101000111 1010000011 1010111000
10 7
1001000 0110111 0011100 1110000 0100100 1010100 1110011 1100001 1010101 1111000
1110010 0000011 0100000 1100110 1011111 1000110 1001001 1000001 0110111 0010111
2 9
100100001 100100111
111111000 111111110
2 6
001000 000011
110111 111100
1 6
110000
100101
8 10
1111111010 1100011011 0111000000 0011111000 0100110111 1100010010 1001001000 0111110111
1100001110 0110111110 0011101101 0011100100 1011000001 1000110110 1000000001 0000001100
3 10
1111111001 1100111001 1101000010
1101101111 1100010100 1111010100
10 10
0001100100 1000110010 0111001010 1110011000 1011100011 0000101111 0100000100 1011011111 1111110101 0100011001
1000000111 0001010001 1110101101 0100110001 0000011010 1011101010 0100101100 1111000000 0111111111 1011010110
10 10
1100001111 1110010100 1100101010 0111110100 0110111011 0001011011 0011101000 1010010101 0001000111 1001100000
0000110011 1101001111 1111100000 1000011100 0100110010 1001010011 0010101000 0111000111 1111111100 0010001101
6 6
000011 101010 000100 111010 001100 110100
011000 001010 011100 011011 100100 000111
2 4
1001 0101
1011 0111
10 10
1000010011 0111111001 0010101110 1110010101 0101000111 0110000100 1000101010 1101110000 0001001111 1011111000
0001110110 1011110010 1000100000 1011001011 0101011100 1101001101 1110101000 0010010111 0110011111 0100100001
7 9
100001010 001101111 010010111 100100011 000011110 100100101 110001110
001110100 000010011 010010001 011010001 010110110 000001101 100111111
3 6
011101 011010 101110
010000 100011 100100
