100
1 2
00
10
10 10
1011110111 1001100101 0101011000 0110001010 1000110101 1100010000 0111001000 1101010111 0010101011 0010101110
0000111110 0111011001 1110000101 1110000000 0100011011 0101001011 0001111001 1011100110 1010100100 1001110110
6 9
101100011 100100011 110111011 111111110 111111011 101100110
101100001 111111001 110111001 111111100 100100001 101100100
3 4
0100 1011 1010
0001 1111 0000
2 9
111110101 100011110
011101001 000000010
10 10
1110010011 0010111101 1111110100 0100000011 1001001000 0001000000 0110110110 1000001001 0111101110 1001111111
1100111101 1101011010 1010110110 0001110100 0100100111 0111001010 0010001001 1011000000 1010000001 0101111111
6 9
110100110 100101110 111010000 110101111 111011001 101011000
000101111 010101110 011011000 001011001 011010001 010100111
2 4
0011 0110
0110 0011
2 10
0111100000 1010110011
1101011011 0000001000
10 10
1111110100 0100101111 0000000100 0011010010 0110111011 0011011101 1100010111 1000101010 1011100000 1101001001
1001100011 1010111010 1110010001 0001011110 0111110111 0101001010 0110101001 0010010100 1001101100 1100000101
3 4
1011 1100 0110
1001 0011 1110
7 6
101110 100110 111101 010101 000010 010111 111100
001011 110101 011001 100000 001010 010001 100010
1 8
01111101
11101001
5 7
1011011 0111100 0011100 0000000 0000110
0100001 0001010 0111000 0101101 1011000
6 8
10101101 10000100 11001110 01100000 10011111 11000010
10101101 00010000 10001011 10111000 00011111 01000010
10 10
1101100100 0110001011 1111110110 0010010011 0001001011 1100100000 0101110101 1010001100 0001011010 1010111101
0100110001 1111000111 0111101001 0000001111 1000011110 0011110001 1001011010 1111110110 1010001100 0100100000
10 10
0010110010 0111011101 1010100101 0010110111 1010100000 0111011000 0101010010 1010101000 1010101101 0101010111
1110010010 0110000101 1001110111 1011111000 0110000000 1110010111 1011111101 0110001000 1001110010 0110001101
10 10
1011011011 0110111100 0100100100 0010101001 1101000000 0000011011 1111110001 1011001110 1101100111 0000010110
0100110101 0010001001 0100010010 1001000100 0110100011 1011111011 1111101110 0010011100 1101110110 1001001001
8 10
1010011001 0001010100 0110111001 0001111011 1011111011 0101000010 1110101100 1001011110
0000101011 1101011100 1100011111 0011000001 1100011100 1000111111 0010010001 0001000100
3 10
0010111111 0011110100 1010001010
1000101110 0010001001 1110101110
6 6
100101 111011 110111 100001 101110 001000
100110 101001 101101 110011 000000 111111
10 10
1111000111 1001010011 0111111100 1010100011 1100001100 0101101110 1100011101 0010101010 0011010000 0000110001
1110000101 1000101010 0000100011 0101110101 0001011001 1110010100 1101001110 0111100111 1011011010 0010111000
1 4
1100
0110
1 7
0001100
1111001
10 10
1101001100 0111110101 0010001001 1111011110 1000000111 1000110000 1001111001 0011110110 0100000011 0110101010
0011000100 1100110110 0110111000 0111000111 0000110010 0010011011 1011101111 1001111101 1100000001 1101001000
2 3
100 101
110 111
10 10
1110001000 0011010010 1110100011 0000011110 0001110101 1001101100 1100001011 1111110100 0100010011 0011101101
1011111101 0110000010 1100110010 1100011001 0001000011 1110011010 0011100100 0001111100 1101100101 0010001111
6 3
011 100 110 001 101 111
101 001 111 000 011 010
2 6
000011 110000
110000 000011
10 10
1100011001 1101010100 1011101111 0010001011 0101010110 0101100101 1000101010 0011110000 0110011010 1010100101
0010100010 0000101101 1111011110 1001111000 1000000011 0110010001 1111101101 0111011100 1100010010 0001100111
8 6
010000 101010 100010 001010 010100 001000 111001 111100
111000 111101 100110 001100 101110 001110 010100 010000
8 9
111100100 100111111 000100001 010100001 101010010 101100100 110111111 111010010
111111101 101001011 101111101 110100110 010111000 100100110 000111000 111001011
3 5
10100 11100 10001
11101 11000 10101
10 10
1110011011 1100101010 0010010101 1100110110 0011001000 0001000010 0101101101 1011110111 1100001100 0011110001
1111110011 0101000110 0111001100 1010011111 1000101110 1000001000 0001101001 0110010001 0111110101 1000110010
7 10
1111101110 1101100110 0010110111 1100110111 0111000010 0101101110 0100110011
0111000110 0100110111 1100110011 0101101010 1101100010 1111101010 0010110011
10 10
0010110111 0110001111 0100010010 1101000000 1000101100 1010101001 1001011011 1001100101 0111010000 0111111110
0110000110 1011111111 1001111010 1100010110 1000001101 0110101000 0011100001 0111011001 1000110011 0101000100
7 10
1111111111 1101010100 0000110000 0001101110 0000110001 1110000000 0101000100
1000110110 0111110011 1010010111 0110010010 1101110110 1101001011 1011110011
10 10
1000101111 0010000010 0101111100 0110010101 1011101001 1011010011 0110010110 1101001101 1000110010 0101101000
1010000110 1001011101 0111011100 0000110110 0100100001 1001100111 0111001000 1010011011 0100100010 1111111001
10 10
1111100011 1010110111 1011011100 0010011001 0000001011 0000001000 0100111100 1101000101 1101110010 0111100110
1111000011 0110111010 1001011010 0010001101 1111110100 1101100101 1000110001 0101100000 0000011111 0010001110
10 10
0010100010 0100101000 0010001011 1000000010 0101011101 1111111101 1011010101 0111010101 1000100010 1101111110
1001000010 1110111101 1010010101 0100011101 0011001011 0110010101 0101101000 1100111110 0011100010 1001100010
2 3
100 101
101 100
1 3
101
111
4 6
001110 000110 100010 010011
001111 101011 111110 100011
10 10
1101110011 1011000011 0100111101 0001001000 0000100100 0110011110 1101101000 1010110111 0010011111 1111000000
1010110011 1000000000 0111100100 1010101000 0011111101 1100000011 0110001000 0001011110 0101011111 1101110111
8 7
0100011 0001010 1100001 1101001 1111101 1001000 0101011 0111111
1111001 1001100 1011000 1010000 0011010 0111011 0010010 0001110
3 7
1010101 0010001 1111001
0010101 0111001 1111101
2 8
01001010 00111010
11000100 10110100
6 9
000100010 110011011 111111111 011001011 000100011 101010110
000110101 011011100 101100101 110101000 100000001 011011101
2 7
1111011 1010011
0001100 0100100
5 3
010 111 100 101 000
001 100 110 101 011
3 9
110000010 001101000 101101001
110100100 001001110 101001111
9 10
1010001001 0011100011 0100101000 1010001100 0000010000 1111010010 0111100100 1000101110 1101010011
0101110000 0000000001 0011101111 1010100100 1110000111 1001101100 1111100111 0010110110 1001110001
6 10
1111101100 1100000001 0111101100 1001001000 0010010100 1101100111
1011000110 0100001001 1110010000 1101110011 1000001111 1011111000
10 10
1101001111 0100100001 1000011111 0110110100 1001000111 0010001110 1101100000 1110110010 0011111001 0011011000
1110111011 1011110110 0101011101 0011110000 0000100010 0000001101 1110011010 1111001100 0100000101 1001100011
4 4
1001 0000 1101 1010
1010 0000 0111 0011
3 4
1001 0100 1110
1011 1001 1110
10 10
0111001010 1000011100 1011010011 0010111111 0100101000 1010110010 0101100001 0010000101 1101010110 1101101101
1000011101 1011111111 0001100011 0111100110 1001010100 1110110000 1110001010 0110000111 0100101001 0001011000
8 4
0001 1010 1110 1011 0000 1101 0100 1000
0110 0010 0001 1000 1100 0111 0100 1101
6 8
01101000 10101011 10001011 01110100 00101000 11011011
10001100 01010011 10101100 00001111 11111100 01001111
4 8
11011000 10011010 10010101 10111011
10001000 00001011 10010101 10011001
4 10
1000011011 1000101001 0101011110 0101101100
0101010111 0101100101 1000100000 1000010010
9 8
00101000 11110110 11110001 11000010 11001000 00111100 10110001 01001001 11011011
01010000 01111011 10111101 01011010 11001100 10010001 11110001 10101100 01000001
10 10
1000001101 1111111001 1011001111 0000011000 0110101110 1000010101 0101000111 1101110000 0111100010 0010110010
0000111100 0011111110 1101011101 1001000001 1100010001 0100001010 0011100110 1011101011 1110110100 0110000011
2 5
00111 00001
11100 11010
6 7
1001000 0100011 1001010 0110111 1011110 0100001
1001010 1011100 0100001 0100011 1001000 0110101
2 10
0101110101 0101100111
1011000011 1011010001
10 10
1101111100 1010011001 0101111111 1110000110 0101000001 1010101110 0001100001 0110001110 0011010010 1000110001
0101110011 1110010000 0011100000 1100111000 1000100111 1011011101 1100001111 0000101111 0111000000 0011011110
8 6
010010 101001 110111 011000 001101 110010 000010 001100
001001 101001 111001 100011 110111 010010 110110 001100
5 7
1001011 0010100 0110110 0100000 0011110
0110000 1100101 0001110 0111010 0011000
6 10
1001001101 1001001011 1111000011 1111000101 1001001001 1111000001
1111010110 1001011110 1001011100 1111010000 1111010100 1001011000
1 8
10001010
00111101
4 9
100101101 100001010 110110010 101001010
001101101 000001010 011110010 001001010
1 3
100
010
7 10
0110101011 1010110010 1011110110 1001011011 1100010100 0010101011 1011111000
1001100011 1011110010 1101111110 1000100111 0001010010 0000110000 1001111011
1 8
10100110
00110011
10 10
0010011110 0101001111 0011110001 1010111111 0100100000 0000101000 1101110010 1110001000 1011010101 1101000111
1010111111 0101010011 1001000101 0100111100 0011101101 0111100101 1010001010 0010000010 1100011000 1101110010
10 9
101100010 110001000 001100011 110011101 110001100 101100110 110011100 101110110 010001001 101110111
010001000 110001101 101110111 001100010 110001001 101100111 110011100 101100011 101110110 110011101
10 10
0011110000 1100110110 1101000000 0100101011 1011111010 0001001001 1010010111 0101000100 0110011111 1010101101
0011000011 0011111001 0101100010 1010100100 0100010100 1101111111 1111001011 0010101110 1100010000 1000011101
10 10
0101100001 0100011000 0011101100 1000011011 0010101100 1110100111 1100110010 1001011111 0111000100 1011010011
1011101101 1111000101 1101100000 0100110011 1010101101 1100011001 0001011110 0011010010 0000011010 0110100110
2 4
1001 1010
0110 0101
10 10
1110111011 1010010101 1001000111 0111011111 0100010101 0010101101 1011110010 0000111110 0111010101 0111100110
0011000011 0111111101 0000001001 0010101010 0001010001 0110010110 0111010011 0000101111 0001100010 0111010010
5 5
10011 10111 01111 01000 10001
01010 00011 10001 11110 00100
6 8
01000100 00010110 11100001 00110011 10110011 01100001
10110010 10010111 11000101 00010111 11100000 01000101
10 10
0001101000 1101111111 0101010100 1111100001 0110000001 0010110010 1110011011 1010010110 0000001101 1001101110
1110110010 1011101011 0100101001 1100001101 0000100100 0011000000 0111010001 1000111110 0001011110 1111010111
6 7
0101000 0111001 1110010 1010010 0001000 0011001
0001001 0101001 1100010 1110011 1010011 1000010
1 7
0010111
1100011
4 8
00101001 00100110 11100110 00101100
10011001 01111000 00101000 01000111
6 9
010100101 010111101 101000111 101100011 101011111 101111011
001011001 001100101 110111011 001111101 001000001 110100011
1 2
01
10
10 9
100101111 010101110 111111011 101110001 110001000 011110000 001001001 010110011 011111001 101101001
000011101 010101000 010001010 100100111 101000100 000111100 011100100 010010100 100011100 010100110
10 10
0011000101 0000011000 0010111010 0101011111 1000100011 1001101100 1110000111 1101001000 0111110100 1110110011
1110100001 1000000101 0111010010 0010011100 0101111001 0000111110 1110010101 1001001010 1101101110 0011100011
10 10
1001000101 1110010000 0010010110 0100011010 1111101101 0001101011 1001001010 0010111001 0111110111 1100100100
1111110110 0011011111 1010111000 0100000101 1100100100 0001101011 1001010101 1111011001 0010100010 0100001010
8 8
11100011 11011100 00001010 00000001 01111100 10000110 11110100 10111010
10111011 00101011 01101111 00000011 10111111 00000001 00000111 00011011
2 10
1000000011 1011000111
0000000010 0011000110
10 10
1101110000 0100000111 1110011010 1110000110 0000101001 0110011100 0001011011 1011101001 1011110101 0001100110
1100000100 0100000010 0100011110 0001101101 1011000011 1010110001 0001110001 0111101000 1110011111 1011111110
10 10
0110010011 1101001110 0011100100 1000011011 0110101011 1001000101 0100111100 1001101101 0010010010 1111110000
0001011111 1110000011 1111110101 0101111100 1000101101 1010111010 1010000010 0011100001 0101010100 0100001010
2 5
10100 00100
10011 00011
4 3
001 110 000 111
101 010 100 011
10 10
1011010110 1101000101 0101101010 1110100001 0110110111 0000011101 1110001010 1001111100 0000111001 0011000010
1011101000 0101011011 1100011110 1011000011 0110100000 1000100111 0011010101 0101111111 0000001000 1110110100
3 5
00111 00110 01001
11101 10010 11100
