100
10 120
3 484
48 70
484 584
688 956
1 1
121 484
127 324
7 221
3 109
1 122
7 584
484 485
483 742
409 927
154 873
150 768
120 584
3 5
1 65
4 122
113 686
1 584
121 742
65 485
4 10
21 584
9 302
1 104
437 500
193 894
248 682
72 997
1 10
1 742
44 534
352 581
26 769
4 104
164 613
7 10
7 122
21 302
62 148
9 121
65 221
8 221
122 676
1 302
51 398
384 742
120 484
8 121
3 65
1 1000
303 584
391 598
1 109
490 700
303 484
1 4
8 302
484 742
74 735
573 834
336 470
1 121
3 9
3 584
122 483
18 100
303 742
120 121
1 221
9 10
1 6
3 10
371 495
9 221
120 485
1 101
34 556
1 5
447 893
59 460
122 1000
7 65
8 484
7 302
21 487
21 122
1 2
403 606
282 849
100 1000
1 9
668 736
13 361
274 532
173 243
