30
3
3 4
4 10
6 10
9
3
3 4
4 10
7 10
9
2
6 6
10 3
13
2
6 6
10 3
14
99
10 78
11 52
13 48
14 37
15 93
16 31
17 34
19 11
20 70
30 10
40 10
41 12
42 43
43 86
44 82
47 91
48 21
49 54
50 62
60 10
70 10
71 58
72 41
73 76
74 59
76 16
77 35
79 77
80 91
90 10
100 10
101 14
102 97
103 59
104 81
105 35
107 24
108 93
109 24
118 8
127 9
128 25
130 69
131 75
132 35
133 79
134 24
135 46
136 84
145 9
154 9
155 40
156 68
157 28
159 61
160 100
161 32
162 63
163 95
172 9
181 9
182 25
183 22
184 53
185 13
186 19
188 60
189 18
190 50
199 9
208 9
209 42
210 48
211 80
212 12
213 58
214 81
215 39
217 24
226 9
235 9
236 89
237 94
238 10
239 21
240 78
242 99
243 70
244 35
253 9
262 9
263 89
264 63
265 22
266 26
267 40
269 41
270 43
271 66
280
99
10 84
11 96
12 29
14 11
15 40
17 94
18 64
19 84
20 43
30 10
40 10
41 77
42 34
43 17
45 22
47 44
48 81
49 63
50 72
60 10
70 10
71 16
73 49
74 67
76 61
77 34
78 50
79 71
80 98
90 10
100 10
102 83
103 73
104 82
105 94
106 45
107 11
108 38
110 65
120 10
130 10
131 59
134 36
135 72
136 43
137 73
138 45
139 89
140 38
150 10
160 10
161 87
162 74
163 16
164 48
165 57
167 31
169 72
170 88
180 10
190 10
191 57
192 85
193 90
194 17
195 39
196 28
198 42
199 24
208 9
217 9
218 22
220 87
221 75
222 26
223 37
224 47
225 46
226 75
235 9
244 9
245 16
246 56
247 41
248 73
250 18
251 11
252 63
253 72
262 9
271 9
272 28
274 79
275 48
276 61
277 65
278 47
279 75
280 62
289
5
100 100
105 5
110 5
112 2
114 2
120
99
410515 1000000
820936 410418
820938 410417
820940 410416
820942 410415
820944 410414
820946 410413
820948 410412
820950 410411
820952 410410
820954 410409
820956 410408
820958 410407
820960 410406
820962 410405
820964 410404
820966 410403
820968 410402
820970 410401
820972 410400
820974 410399
820976 410398
820978 410397
820980 410396
820982 410395
820984 410394
820986 410393
820988 410392
820990 410391
820992 410390
820994 410389
820996 410388
820998 410387
821000 410386
821002 410385
821004 410384
821006 410383
821008 410382
821010 410381
821012 410380
821014 410379
821016 410378
821018 410377
821020 410376
821022 410375
821024 410374
821026 410373
821028 410372
821030 410371
1231367 410404
1641772 410405
2052083 410308
2052085 410307
2052087 410306
2052089 410305
2052091 410304
2052093 410303
2052095 410302
2052097 410301
2052099 410300
2052101 410299
2052103 410298
2052105 410297
2052107 410296
2052109 410295
2052111 410294
2052113 410293
2052115 410292
2052117 410291
2052119 410290
2052121 410289
2052123 410288
2052125 410287
2052127 410286
2052129 410285
2052131 410284
2052133 410283
2052135 410282
2052137 410281
2052139 410280
2052141 410279
2052143 410278
2052145 410277
2052147 410276
2052149 410275
2052151 410274
2052153 410273
2052155 410272
2052157 410271
2052159 410270
2052161 410269
2052163 410268
2052165 410267
2052167 410266
2052169 410265
2052171 410264
2052173 410263
2052175 410262
2052177 410261
2462438
99
332635 1000000
375854 983778
393985 535655
419509 575997
489040 680633
665264 332626
665266 332625
665268 332624
665270 332623
997893 332623
1330516 332623
1367040 618204
1468873 682548
1492351 692358
1643432 737174
1956342 312907
1956344 312906
1956346 312905
1956348 312904
2269250 312906
2582156 312906
2642638 753707
2642910 668649
2823293 559517
2858115 961574
3134068 275950
3134070 275949
3134072 275948
3134074 275947
3410020 275948
3685968 275948
3693753 585927
3694110 704406
3725725 680368
3823034 748412
3961910 275939
3961912 275938
3961914 275937
3961916 275936
4237852 275936
4513788 275936
4558081 822600
4609700 764394
4779351 691269
4786482 881969
5059170 272685
5059172 272684
5059174 272683
5059176 272682
5331858 272682
5604540 272682
5650306 973429
5789834 933547
5807459 638594
5877135 938961
5877216 272673
5877218 272672
5877220 272671
5877222 272670
6149890 272672
6422562 272672
6501838 786486
6513513 686235
6585796 934111
6631633 875068
6695228 272663
6695230 272662
6695232 272661
6695234 272660
6967892 272662
7240554 272662
7247565 764035
7313070 780050
7363702 866339
7430946 544263
7621332 190383
7621334 190382
7621336 190381
7621338 190380
7811716 190382
8002098 190382
8007090 620149
8090202 762774
8172939 798168
8174097 842986
8192474 190373
8192476 190372
8192478 190371
8192480 190370
8382848 190372
8573220 190372
8648911 753348
8685029 987127
8695856 802606
8727822 531307
8882418 154593
8882420 154592
8882422 154591
8882424 154590
9037014
3
5 5
7 5
9 5
21
23
10 86
11 51
12 82
13 60
14 13
15 47
16 70
17 100
18 78
19 67
20 96
30 10
40 10
41 54
42 20
43 85
44 15
45 79
46 67
47 44
48 71
49 71
50 63
60
99
7433 1000000
14772 7336
14774 7335
14776 7334
14778 7333
14780 7332
14782 7331
14784 7330
14786 7329
14788 7328
14790 7327
14792 7326
14794 7325
14796 7324
14798 7323
14800 7322
14802 7321
14804 7320
14806 7319
14808 7318
14810 7317
14812 7316
14814 7315
14816 7314
14818 7313
14820 7312
14822 7311
14824 7310
14826 7309
14828 7308
14830 7307
14832 7306
14834 7305
14836 7304
14838 7303
14840 7302
14842 7301
14844 7300
14846 7299
14848 7298
14850 7297
14852 7296
14854 7295
14856 7294
14858 7293
14860 7292
14862 7291
14864 7290
14866 7289
22148 7296
29444 7296
36646 7199
36648 7198
36650 7197
36652 7196
36654 7195
36656 7194
36658 7193
36660 7192
36662 7191
36664 7190
36666 7189
36668 7188
36670 7187
36672 7186
36674 7185
36676 7184
36678 7183
36680 7182
36682 7181
36684 7180
36686 7179
36688 7178
36690 7177
36692 7176
36694 7175
36696 7174
36698 7173
36700 7172
36702 7171
36704 7170
36706 7169
36708 7168
36710 7167
36712 7166
36714 7165
36716 7164
36718 7163
36720 7162
36722 7161
36724 7160
36726 7159
36728 7158
36730 7157
36732 7156
36734 7155
36736 7154
36738 7153
36740 7152
43892
4
5 5
8 3
9 4
11 3
14
95
923853 1000000
1018156 917799
1119065 732498
1140130 914535
1202293 994005
1213489 687552
1316905 615061
1359156 506568
1380532 942450
1492378 744627
1633036 560140
1648592 770761
1656592 575100
1788683 817863
1800419 875903
1843849 795481
2676294 875872
2676296 875871
2676298 875870
2676300 875869
2676302 875868
2676304 875867
2676306 875866
2676308 875865
2676310 875864
2676312 875863
2676314 875862
2676316 875861
2676318 875860
2676320 875859
2676322 875858
3552166 875871
4428038 875872
4510065 516073
4515484 909336
4640024 858313
4643062 505272
4713321 620073
4810515 551351
4811968 985821
4830792 552364
4863322 683685
4903029 751916
4904318 961424
5007749 863660
5118407 567749
5198798 582319
5221137 673954
5303882 875841
5303884 875840
5303886 875839
5303888 875838
5303890 875837
5303892 875836
5303894 875835
5303896 875834
5303898 875833
5303900 875832
5303902 875831
5303904 875830
5303906 875829
5303908 875828
5303910 875827
6179732 875832
7055564 875832
7135198 664842
7224758 582858
7243587 890244
7293487 636112
7309920 994369
7405508 911122
7444739 600737
7511434 792654
7513858 907603
7538764 613121
7539388 955379
7566546 575556
7592615 838726
7624966 586318
7851210 845380
8646828 795615
8646830 795614
8646832 795613
8646834 795612
8646836 795611
8646838 795610
8646840 795609
8646842 795608
8646844 795607
8646846 795606
8646848 795605
8646850 795604
8646852 795603
8646854 795602
8646856 795601
9442457
99
490440 1000000
496798 830911
498885 518517
506477 569783
509081 797291
529857 957391
531827 611518
538998 929360
547899 898652
552785 613661
559953 776706
564256 617732
565453 832916
577102 825549
578263 949487
584922 798260
585442 959699
603123 746047
608139 914935
633117 678628
636789 991959
645387 698038
698071 928750
723544 954069
730842 526755
731464 670848
732217 596366
740442 763189
743186 780883
768414 599288
768545 739200
796508 675381
817003 782996
827999 894762
831596 711791
835822 810845
852220 585500
865507 607889
865784 711200
879015 605443
888971 918918
889919 842747
891537 672902
891857 625429
913424 644141
917307 548666
934809 844551
953737 913314
954868 835426
973001 987508
1455466 482462
1455468 482461
1455470 482460
1455472 482459
1455474 482458
1455476 482457
1455478 482456
1455480 482455
1455482 482454
1455484 482453
1455486 482452
1455488 482451
1455490 482450
1455492 482449
1455494 482448
1455496 482447
1455498 482446
1455500 482445
1455502 482444
1455504 482443
1455506 482442
1455508 482441
1455510 482440
1455512 482439
1455514 482438
1455516 482437
1455518 482436
1455520 482435
1455522 482434
1455524 482433
1455526 482432
1455528 482431
1455530 482430
1455532 482429
1455534 482428
1455536 482427
1455538 482426
1455540 482425
1455542 482424
1455544 482423
1455546 482422
1455548 482421
1455550 482420
1455552 482419
1455554 482418
1455556 482417
1455558 482416
1455560 482415
1455562 482414
1937976
99
327758 1000000
348485 894590
350323 796824
361677 667484
364711 576016
448895 675596
480617 616136
486592 859030
487967 920690
490352 556047
513515 606963
515315 684881
528785 875066
530271 633144
548896 560809
557175 524402
574080 752807
575917 802015
576475 767586
600810 956550
601882 775496
616594 664393
630992 840226
632183 791054
650568 939191
655470 327709
655472 327708
655474 327707
655476 327706
655478 327705
655480 327704
655482 327703
655484 327702
655486 327701
655488 327700
655490 327699
655492 327698
655494 327697
655496 327696
655498 327695
655500 327694
655502 327693
655504 327692
655506 327691
655508 327690
655510 327689
655512 327688
655514 327687
655516 327686
983184 327704
1310888 327704
1312491 687724
1349646 719307
1350152 736184
1359872 916920
1372703 695187
1395141 596225
1409037 826268
1422221 865514
1449470 550102
1489711 522796
1509809 624915
1518914 987692
1533094 741490
1535378 591052
1538649 970639
1547804 883185
1552358 872362
1556513 771252
1560358 889787
1572021 843469
1578625 994655
1596869 628386
1622112 771662
1625050 848373
1939166 314113
1939168 314112
1939170 314111
1939172 314110
1939174 314109
1939176 314108
1939178 314107
1939180 314106
1939182 314105
1939184 314104
1939186 314103
1939188 314102
1939190 314101
1939192 314100
1939194 314099
1939196 314098
1939198 314097
1939200 314096
1939202 314095
1939204 314094
1939206 314093
1939208 314092
1939210 314091
1939212 314090
2253302
99
51712 1000000
103420 51705
103422 51704
103424 51703
155125 51705
206830 51705
258531 51698
258533 51697
258535 51696
310230 51697
361927 51697
413620 51690
413622 51689
413624 51688
465310 51690
517000 51690
568686 51683
568688 51682
568690 51681
620371 51681
672052 51681
723729 51674
723731 51673
723733 51672
775404 51673
827077 51673
878746 51666
878748 51665
878750 51664
930412 51666
982078 51666
1033740 51659
1033742 51658
1033744 51657
1085401 51657
1137058 51657
1188711 51650
1188713 51649
1188715 51648
1240361 51650
1292011 51650
1343657 51643
1343659 51642
1343661 51641
1395301 51641
1446943 51642
1498581 51635
1498583 51634
1498585 51633
1550218 51633
1601851 51633
1653480 51626
1653482 51625
1653484 51624
1705107 51625
1756732 51625
1808353 51618
1808355 51617
1808357 51616
1859971 51618
1911589 51618
1963203 51611
1963205 51610
1963207 51609
2014814 51611
2066425 51611
2118032 51604
2118034 51603
2118036 51602
2169637 51603
2221240 51603
2272839 51596
2272841 51595
2272843 51594
2324437 51594
2376031 51594
2427621 51587
2427623 51586
2427625 51585
2479208 51587
2530795 51587
2582378 51580
2582380 51579
2582382 51578
2633958 51580
2685538 51580
2737114 51573
2737116 51572
2737118 51571
2788688 51572
2840260 51572
2891828 51565
2891830 51564
2891832 51563
2943395 51563
2994958 51563
3046517 51556
3046519 51555
3046521 51554
3098075
99
749853 1000000
1499672 749816
1499674 749815
1499676 749814
1499678 749813
1499680 749812
1499682 749811
1499684 749810
1499686 749809
1499688 749808
1499690 749807
1499692 749806
1499694 749805
1499696 749804
1499698 749803
1499700 749802
1499702 749801
1499704 749800
1499706 749799
2249497 749807
2999304 749807
3749077 749770
3749079 749769
3749081 749768
3749083 749767
3749085 749766
3749087 749765
3749089 749764
3749091 749763
3749093 749762
3749095 749761
3749097 749760
3749099 749759
3749101 749758
3749103 749757
3749105 749756
3749107 749755
3749109 749754
3749111 749753
4498859 749758
5248617 749758
5998341 749721
5998343 749720
5998345 749719
5998347 749718
5998349 749717
5998351 749716
5998353 749715
5998355 749714
5998357 749713
5998359 749712
5998361 749711
5998363 749710
5998365 749709
5998367 749708
5998369 749707
5998371 749706
5998373 749705
5998375 749704
6748073 749710
7497783 749710
8247459 749673
8247461 749672
8247463 749671
8247465 749670
8247467 749669
8247469 749668
8247471 749667
8247473 749666
8247475 749665
8247477 749664
8247479 749663
8247481 749662
8247483 749661
8247485 749660
8247487 749659
8247489 749658
8247491 749657
8247493 749656
8997141 749663
9746805 749664
10496435 749627
10496437 749626
10496439 749625
10496441 749624
10496443 749623
10496445 749622
10496447 749621
10496449 749620
10496451 749619
10496453 749618
10496455 749617
10496457 749616
10496459 749615
10496461 749614
10496463 749613
10496465 749612
10496467 749611
10496469 749610
11246079
2
10 10
11 10
21
7
10 10
15 5
20 9
25 5
30 10
35 5
40 10
45
1
10 25
25
99
273292 1000000
546580 273285
546582 273284
546584 273283
819867 273283
1093150 273283
1366429 273276
1366431 273275
1366433 273274
1639706 273275
1912981 273275
2186252 273268
2186254 273267
2186256 273266
2459522 273266
2732788 273266
3006050 273259
3006052 273258
3006054 273257
3279309 273259
3552568 273259
3825823 273252
3825825 273251
3825827 273250
4099076 273251
4372327 273251
4645574 273244
4645576 273243
4645578 273242
4918820 273242
5192062 273242
5465300 273235
5465302 273234
5465304 273233
5738536 273234
6011770 273234
6285000 273227
6285002 273226
6285004 273225
6558229 273225
6831454 273225
7104675 273218
7104677 273217
7104679 273216
7377894 273217
7651111 273217
7924324 273210
7924326 273209
7924328 273208
8197534 273210
8470744 273210
8743950 273203
8743952 273202
8743954 273201
9017153 273203
9290356 273203
9563555 273196
9563557 273195
9563559 273194
9836751 273196
10109947 273196
10383139 273189
10383141 273188
10383143 273187
10656329 273188
10929517 273188
11202701 273181
11202703 273180
11202705 273179
11475884 273179
11749063 273179
12022238 273172
12022240 273171
12022242 273170
12295410 273172
12568582 273172
12841750 273165
12841752 273164
12841754 273163
13114916 273164
13388080 273164
13661240 273157
13661242 273156
13661244 273155
13934398 273156
14207554 273156
14480706 273149
14480708 273148
14480710 273147
14753856 273148
15027004 273148
15300148 273141
15300150 273140
15300152 273139
15573291 273139
15846430 273139
16119565 273132
16119567 273131
16119569 273130
16392699
99
907221 1000000
1814428 907204
1814430 907203
1814432 907202
1814434 907201
1814436 907200
1814438 907199
1814440 907198
1814442 907197
2721638 907198
3628836 907198
4536020 907181
4536022 907180
4536024 907179
4536026 907178
4536028 907177
4536030 907176
4536032 907175
4536034 907174
5443202 907179
6350382 907180
7257548 907163
7257550 907162
7257552 907161
7257554 907160
7257556 907159
7257558 907158
7257560 907157
7257562 907156
8164718 907156
9071874 907156
9979016 907139
9979018 907138
9979020 907137
9979022 907136
9979024 907135
9979026 907134
9979028 907133
9979030 907132
10886158 907136
11793294 907136
12700416 907119
12700418 907118
12700420 907117
12700422 907116
12700424 907115
12700426 907114
12700428 907113
12700430 907112
13607542 907112
14514654 907112
15421752 907095
15421754 907094
15421756 907093
15421758 907092
15421760 907091
15421762 907090
15421764 907089
15421766 907088
16328853 907089
17235942 907089
18143017 907072
18143019 907071
18143021 907070
18143023 907069
18143025 907068
18143027 907067
18143029 907066
18143031 907065
19050095 907066
19957161 907066
20864213 907049
20864215 907048
20864217 907047
20864219 907046
20864221 907045
20864223 907044
20864225 907043
20864227 907042
21771266 907045
22678311 907045
23585342 907028
23585344 907027
23585346 907026
23585348 907025
23585350 907024
23585352 907023
23585354 907022
23585356 907021
24492370 907028
25399398 907028
26306412 907011
26306414 907010
26306416 907009
26306418 907008
26306420 907007
26306422 907006
26306424 907005
26306426 907004
27213430
95
328736 1000000
367007 775119
400678 739361
477801 775780
528203 865376
551283 815458
555642 629424
636846 852672
657460 328721
657462 328720
657464 328719
657466 328718
657468 328717
657470 328716
657472 328715
986185 328717
1314902 328717
1388549 756692
1416354 536794
1466038 733512
1561734 819104
1571003 733773
1605612 883888
1611049 871038
1907184 296132
1907186 296131
1907188 296130
1907190 296129
1907192 296128
1907194 296127
1907196 296126
2203318 296130
2499448 296130
2515686 874387
2526671 619629
2583439 997753
2630007 966327
2632030 764834
2635117 590576
2653803 890863
2808146 154340
2808148 154339
2808150 154338
2808152 154337
2808154 154336
2808156 154335
2808158 154334
2962488 154338
3116826 154338
3135006 577181
3155001 957584
3159234 658042
3176045 824170
3180796 755655
3195497 987407
3224393 677860
3271152 154323
3271154 154322
3271156 154321
3271158 154320
3271160 154319
3271162 154318
3271164 154317
3425477 154321
3579798 154321
3614588 997046
3625592 791812
3628887 554470
3678643 594618
3686491 996105
3694672 523545
3720084 688007
3734107 154306
3734109 154305
3734111 154304
3734113 154303
3734115 154302
3734117 154301
3734119 154300
3888414 154305
4042719 154305
4057191 878349
4062045 852653
4078837 556905
4086932 776580
4152986 818377
4169446 847658
4182606 764788
4322481 139872
4322483 139871
4322485 139870
4322487 139869
4322489 139868
4322491 139867
4322493 139866
4462359
99
352832 1000000
705650 352815
705652 352814
705654 352813
705656 352812
705658 352811
705660 352810
705662 352809
705664 352808
1058466 352814
1411280 352814
1764080 352797
1764082 352796
1764084 352795
1764086 352794
1764088 352793
1764090 352792
1764092 352791
1764094 352790
2116879 352795
2469674 352795
2822455 352778
2822457 352777
2822459 352776
2822461 352775
2822463 352774
2822465 352773
2822467 352772
2822469 352771
3175239 352772
3528011 352772
3880769 352755
3880771 352754
3880773 352753
3880775 352752
3880777 352751
3880779 352750
3880781 352749
3880783 352748
4233530 352749
4586279 352749
4939014 352732
4939016 352731
4939018 352730
4939020 352729
4939022 352728
4939024 352727
4939026 352726
4939028 352725
5291746 352732
5644478 352732
5997196 352715
5997198 352714
5997200 352713
5997202 352712
5997204 352711
5997206 352710
5997208 352709
5997210 352708
6349914 352712
6702626 352712
7055324 352695
7055326 352694
7055328 352693
7055330 352692
7055332 352691
7055334 352690
7055336 352689
7055338 352688
7408022 352692
7760714 352692
8113392 352675
8113394 352674
8113396 352673
8113398 352672
8113400 352671
8113402 352670
8113404 352669
8113406 352668
8466072 352670
8818742 352670
9171398 352653
9171400 352652
9171402 352651
9171404 352650
9171406 352649
9171408 352648
9171410 352647
9171412 352646
9524054 352650
9876704 352650
10229340 352633
10229342 352632
10229344 352631
10229346 352630
10229348 352629
10229350 352628
10229352 352627
10229354 352626
10581980
2
10 10
11 10
20
1
200000000 300000000
400000000
99
717860 1000000
938230 850437
1000887 650094
1028396 681263
1102554 835274
1139757 618151
1260417 703377
1296587 951470
1302421 842999
1381178 918387
1435704 717841
1435706 717840
1435708 717839
1435710 717838
1435712 717837
1435714 717836
1435716 717835
1435718 717834
1435720 717833
2153552 717834
2871386 717834
2966751 780156
2981238 808487
3014768 907261
3069946 576333
3211879 893727
3291962 514723
3345753 598796
3483744 737492
3560625 923979
3589204 717815
3589206 717814
3589208 717813
3589210 717812
3589212 717811
3589214 717810
3589216 717809
3589218 717808
3589220 717807
4307022 717812
5024834 717812
5257123 942725
5343145 538184
5359870 670294
5423226 575975
5480907 536709
5493302 515414
5538284 894495
5629793 858626
5736676 825234
6448502 711823
6448504 711822
6448506 711821
6448508 711820
6448510 711819
6448512 711818
6448514 711817
6448516 711816
6448518 711815
7160331 711817
7872148 711817
8092908 709814
8120102 594307
8164052 684336
8250540 946967
8286574 893060
8332492 732509
8528424 576993
8545252 759025
8575528 812305
9278892 703361
9278894 703360
9278896 703359
9278898 703358
9278900 703357
9278902 703356
9278904 703355
9278906 703354
9278908 703353
9982254 703360
10685614 703360
10701785 664425
10870923 537532
10957705 948805
10961149 849223
11032582 643665
11070132 776341
11158037 842327
11361459 587533
11370591 633583
12004158 633564
12004160 633563
12004162 633562
12004164 633561
12004166 633560
12004168 633559
12004170 633558
12004172 633557
12004174 633556
12637730
2
10 1000
100 10
110
7
10 10
15 5
20 9
25 5
30 10
35 5
40 10
49
