30
3
3 4
4 10
6 10
9
3
3 4
4 10
7 10
9
2
6 6
10 3
13
2
6 6
10 3
14
99
626294 1000000
1252574 626277
1252576 626276
1252578 626275
1252580 626274
1252582 626273
1252584 626272
1252586 626271
1252588 626270
1878852 626276
2505128 626276
3131390 626259
3131392 626258
3131394 626257
3131396 626256
3131398 626255
3131400 626254
3131402 626253
3131404 626252
3757652 626256
4383908 626256
5010150 626239
5010152 626238
5010154 626237
5010156 626236
5010158 626235
5010160 626234
5010162 626233
5010164 626232
5636393 626235
6262628 626235
6888849 626218
6888851 626217
6888853 626216
6888855 626215
6888857 626214
6888859 626213
6888861 626212
6888863 626211
7515074 626211
8141285 626211
8767482 626194
8767484 626193
8767486 626192
8767488 626191
8767490 626190
8767492 626189
8767494 626188
8767496 626187
9393680 626190
10019870 626190
10646046 626173
10646048 626172
10646050 626171
10646052 626170
10646054 626169
10646056 626168
10646058 626167
10646060 626166
11272225 626167
11898392 626167
12524545 626150
12524547 626149
12524549 626148
12524551 626147
12524553 626146
12524555 626145
12524557 626144
12524559 626143
13150700 626145
13776845 626145
14402976 626128
14402978 626127
14402980 626126
14402982 626125
14402984 626124
14402986 626123
14402988 626122
14402990 626121
15029111 626121
15655232 626121
16281339 626104
16281341 626103
16281343 626102
16281345 626101
16281347 626100
16281349 626099
16281351 626098
16281353 626097
16907444 626103
17533547 626103
18159636 626086
18159638 626085
18159640 626084
18159642 626083
18159644 626082
18159646 626081
18159648 626080
18159650 626079
18785729
7
10 10
15 5
20 9
25 5
30 10
35 5
40 10
45
99
270069 1000000
540134 270062
540136 270061
540138 270060
810198 270060
1080258 270060
1350314 270053
1350316 270052
1350318 270051
1620369 270051
1890420 270051
2160467 270044
2160469 270043
2160471 270042
2430511 270044
2700555 270044
2970595 270037
2970597 270036
2970599 270035
3240633 270036
3510669 270036
3780701 270029
3780703 270028
3780705 270027
4050731 270028
4320759 270028
4590783 270021
4590785 270020
4590787 270019
4860804 270021
5130825 270021
5400842 270014
5400844 270013
5400846 270012
5670858 270012
5940870 270012
6210878 270005
6210880 270004
6210882 270003
6480884 270004
6750888 270004
7020888 269997
7020890 269996
7020892 269995
7290886 269996
7560882 269996
7830874 269989
7830876 269988
7830878 269987
8100864 269988
8370852 269988
8640836 269981
8640838 269980
8640840 269979
8910818 269980
9180798 269980
9450774 269973
9450776 269972
9450778 269971
9720748 269972
9990720 269972
10260688 269965
10260690 269964
10260692 269963
10530655 269963
10800618 269963
11070577 269956
11070579 269955
11070581 269954
11340534 269955
11610489 269955
11880440 269948
11880442 269947
11880444 269946
12150390 269946
12420336 269946
12690278 269939
12690280 269938
12690282 269937
12960217 269938
13230156 269939
13500091 269932
13500093 269931
13500095 269930
13770023 269932
14039955 269932
14309883 269925
14309885 269924
14309887 269923
14579809 269924
14849733 269924
15119653 269917
15119655 269916
15119657 269915
15389571 269916
15659487 269916
15929399 269909
15929401 269908
15929403 269907
16199310
3
5 5
7 5
9 5
21
99
190755 1000000
196880 884626
197484 505711
201355 603276
207235 805303
211098 884560
218158 636022
219081 847245
227397 841646
231145 990636
241911 586320
243718 590059
243747 729137
248131 816415
249831 790551
251905 974713
254522 848337
263471 919385
264282 810241
270105 902783
270521 674605
274655 594036
276919 588014
279859 529645
280189 858746
284922 871538
285244 619489
286763 546273
287081 994129
287610 630583
296781 898302
298863 675583
306739 994854
316740 768797
318489 924581
323136 858135
330911 628768
338225 690920
344857 610347
345601 638505
353198 679008
353577 533244
355984 740909
356178 965533
359048 626692
361174 827308
361212 919755
367328 635570
377183 681429
379919 733524
568987 189065
568989 189064
568991 189063
568993 189062
568995 189061
568997 189060
568999 189059
569001 189058
569003 189057
569005 189056
569007 189055
569009 189054
569011 189053
569013 189052
569015 189051
569017 189050
569019 189049
569021 189048
569023 189047
569025 189046
569027 189045
569029 189044
569031 189043
569033 189042
569035 189041
569037 189040
569039 189039
569041 189038
569043 189037
569045 189036
569047 189035
569049 189034
569051 189033
569053 189032
569055 189031
569057 189030
569059 189029
569061 189028
569063 189027
569065 189026
569067 189025
569069 189024
569071 189023
569073 189022
569075 189021
569077 189020
569079 189019
569081 189018
569083 189017
758100
99
528470 1000000
621472 516082
647550 650555
694937 803267
704455 620973
711976 564638
713022 867210
800461 665453
807834 977878
872517 669693
1216548 344028
1216550 344027
1216552 344026
1216554 344025
1216556 344024
1216558 344023
1216560 344022
1216562 344021
1216564 344020
1560578 344026
1904604 344026
1936233 502776
1953271 771635
1956659 872313
1989504 671329
1996881 666609
2000419 823429
2196999 940715
2214940 652504
2239092 530702
2248614 344007
2248616 344006
2248618 344005
2248620 344004
2248622 344003
2248624 344002
2248626 344001
2248628 344000
2248630 343999
2592622 344006
2936628 344006
2968491 668518
2986775 501644
3018724 916302
3055237 800965
3103960 589106
3106586 731644
3155958 638394
3206906 786955
3272502 537544
3608360 335855
3608362 335854
3608364 335853
3608366 335852
3608368 335851
3608370 335850
3608372 335849
3608374 335848
3608376 335847
3944221 335849
4280070 335849
4334216 815052
4349971 914166
4388588 960872
4454062 873662
4516406 918553
4523890 647184
4564823 774979
4573511 939889
4605010 542424
4615903 335830
4615905 335829
4615907 335828
4615909 335827
4615911 335826
4615913 335825
4615915 335824
4615917 335823
4615919 335822
4951736 335827
5287563 335827
5324382 887079
5329382 826194
5380839 939185
5424080 984264
5437881 777855
5478139 697922
5495929 525270
5596111 861258
5615215 624884
5623374 335808
5623376 335807
5623378 335806
5623380 335805
5623382 335804
5623384 335803
5623386 335802
5623388 335801
5623390 335800
5959190
4
5 5
8 3
9 4
11 3
14
99
875364 1000000
1750634 875267
1750636 875266
1750638 875265
1750640 875264
1750642 875263
1750644 875262
1750646 875261
1750648 875260
1750650 875259
1750652 875258
1750654 875257
1750656 875256
1750658 875255
1750660 875254
1750662 875253
1750664 875252
1750666 875251
1750668 875250
1750670 875249
1750672 875248
1750674 875247
1750676 875246
1750678 875245
1750680 875244
1750682 875243
1750684 875242
1750686 875241
1750688 875240
1750690 875239
1750692 875238
1750694 875237
1750696 875236
1750698 875235
1750700 875234
1750702 875233
1750704 875232
1750706 875231
1750708 875230
1750710 875229
1750712 875228
1750714 875227
1750716 875226
1750718 875225
1750720 875224
1750722 875223
1750724 875222
1750726 875221
1750728 875220
2625904 875264
3501168 875264
4376338 875167
4376340 875166
4376342 875165
4376344 875164
4376346 875163
4376348 875162
4376350 875161
4376352 875160
4376354 875159
4376356 875158
4376358 875157
4376360 875156
4376362 875155
4376364 875154
4376366 875153
4376368 875152
4376370 875151
4376372 875150
4376374 875149
4376376 875148
4376378 875147
4376380 875146
4376382 875145
4376384 875144
4376386 875143
4376388 875142
4376390 875141
4376392 875140
4376394 875139
4376396 875138
4376398 875137
4376400 875136
4376402 875135
4376404 875134
4376406 875133
4376408 875132
4376410 875131
4376412 875130
4376414 875129
4376416 875128
4376418 875127
4376420 875126
4376422 875125
4376424 875124
4376426 875123
4376428 875122
4376430 875121
4376432 875120
5251552
99
383561 1000000
767118 383554
767120 383553
767122 383552
1150673 383553
1534226 383553
1917775 383546
1917777 383545
1917779 383544
2301322 383545
2684867 383545
3068408 383538
3068410 383537
3068412 383536
3451948 383536
3835484 383536
4219016 383529
4219018 383528
4219020 383527
4602546 383528
4986074 383528
5369598 383521
5369600 383520
5369602 383519
5753119 383521
6136640 383521
6520157 383514
6520159 383513
6520161 383512
6903673 383512
7287185 383512
7670693 383505
7670695 383504
7670697 383503
8054199 383504
8437703 383504
8821203 383497
8821205 383496
8821207 383495
9204701 383496
9588197 383496
9971689 383489
9971691 383488
9971693 383487
10355179 383488
10738667 383488
11122151 383481
11122153 383480
11122155 383479
11505633 383480
11889113 383480
12272589 383473
12272591 383472
12272593 383471
12656062 383473
13039535 383473
13423004 383466
13423006 383465
13423008 383464
13806471 383465
14189936 383465
14573397 383458
14573399 383457
14573401 383456
14956855 383458
15340313 383458
15723767 383451
15723769 383450
15723771 383449
16107220 383449
16490669 383449
16874114 383442
16874116 383441
16874118 383440
17257556 383442
17640998 383442
18024436 383435
18024438 383434
18024440 383433
18407873 383433
18791306 383433
19174735 383426
19174737 383425
19174739 383424
19558162 383425
19941587 383425
20325008 383418
20325010 383417
20325012 383416
20708427 383417
21091844 383417
21475257 383410
21475259 383409
21475261 383408
21858667 383410
22242077 383410
22625483 383403
22625485 383402
22625487 383401
23008888
99
354757 1000000
709480 354720
709482 354719
709484 354718
709486 354717
709488 354716
709490 354715
709492 354714
709494 354713
709496 354712
709498 354711
709500 354710
709502 354709
709504 354708
709506 354707
709508 354706
709510 354705
709512 354704
709514 354703
1064202 354718
1418920 354718
1773604 354681
1773606 354680
1773608 354679
1773610 354678
1773612 354677
1773614 354676
1773616 354675
1773618 354674
1773620 354673
1773622 354672
1773624 354671
1773626 354670
1773628 354669
1773630 354668
1773632 354667
1773634 354666
1773636 354665
1773638 354664
2128300 354666
2482966 354666
2837598 354629
2837600 354628
2837602 354627
2837604 354626
2837606 354625
2837608 354624
2837610 354623
2837612 354622
2837614 354621
2837616 354620
2837618 354619
2837620 354618
2837622 354617
2837624 354616
2837626 354615
2837628 354614
2837630 354613
2837632 354612
3192233 354622
3546856 354623
3901445 354586
3901447 354585
3901449 354584
3901451 354583
3901453 354582
3901455 354581
3901457 354580
3901459 354579
3901461 354578
3901463 354577
3901465 354576
3901467 354575
3901469 354574
3901471 354573
3901473 354572
3901475 354571
3901477 354570
3901479 354569
4256045 354572
4610617 354572
4965155 354535
4965157 354534
4965159 354533
4965161 354532
4965163 354531
4965165 354530
4965167 354529
4965169 354528
4965171 354527
4965173 354526
4965175 354525
4965177 354524
4965179 354523
4965181 354522
4965183 354521
4965185 354520
4965187 354519
4965189 354518
5319707
95
380464 1000000
388042 528986
427615 624414
452991 713700
516223 853804
550929 562559
591757 640683
739909 723562
1099342 359430
1099344 359429
1099346 359428
1099348 359427
1099350 359426
1099352 359425
1099354 359424
1458775 359427
1818202 359427
1845791 506597
1869531 924759
1948852 631345
1991710 849045
2026921 957477
2111819 538292
2167775 757192
2177617 359412
2177619 359411
2177621 359410
2177623 359409
2177625 359408
2177627 359407
2177629 359406
2537035 359406
2896441 359406
2943082 569047
2994337 904003
3072425 926041
3083800 781959
3146988 804739
3175221 967687
3220928 597620
3545403 324472
3545405 324471
3545407 324470
3545409 324469
3545411 324468
3545413 324467
3545415 324466
3869878 324469
4194347 324469
4249087 943817
4320777 515533
4363427 647307
4377125 643656
4486074 947925
4489407 871971
4510506 932511
4518804 324454
4518806 324453
4518808 324452
4518810 324451
4518812 324450
4518814 324449
4518816 324448
4843259 324453
5167712 324453
5190783 537437
5208730 875336
5278632 823812
5382922 798756
5478763 658788
5479056 866409
5484743 751148
5801762 317016
5801764 317015
5801766 317014
5801768 317013
5801770 317012
5801772 317011
5801774 317010
6118784 317010
6435794 317010
6456335 654921
6495332 917074
6505442 654114
6558662 754223
6564379 518736
6578219 658306
6607051 951325
6778296 171242
6778298 171241
6778300 171240
6778302 171239
6778304 171238
6778306 171237
6778308 171236
6949544
99
694914 1000000
826808 701247
1008582 719271
1028681 510911
1055821 601750
1389822 694905
1389824 694904
1389826 694903
1389828 694902
2084730 694902
2779632 694902
2944984 856637
2960940 560082
3413849 650105
3416126 864742
3474528 694893
3474530 694892
3474532 694891
3474534 694890
4169422 694892
4864314 694892
5170076 945877
5177486 888788
5514362 538927
5542997 533991
6053283 538918
6053285 538917
6053287 538916
6053289 538915
6592204 538915
7131119 538915
7320867 897186
7386396 667327
7424361 946021
7493011 655064
7670028 538906
7670030 538905
7670032 538904
7670034 538903
8208934 538906
8747840 538906
8789917 575055
8949634 823908
9027126 932838
9097207 952123
9286740 538897
9286742 538896
9286744 538895
9286746 538894
9825639 538895
10364534 538895
10414723 805812
10459445 851134
10614065 745394
10795891 928243
11227242 431348
11227244 431347
11227246 431346
11227248 431345
11658593 431345
12089938 431345
12206086 825512
12306654 844489
12333149 835795
12407487 976932
12521277 431336
12521279 431335
12521281 431334
12521283 431333
12952614 431335
13383949 431335
13385663 894206
13408932 528078
13416298 596135
13445120 994357
13815278 431326
13815280 431325
13815282 431324
13815284 431323
14246606 431324
14677930 431324
14756432 894339
14935703 871397
15021419 729018
15038292 696061
15109248 431315
15109250 431314
15109252 431313
15109254 431312
15540566 431312
15971878 431312
16124514 727775
16129369 883632
16145104 905327
16181824 535485
16403184 431303
16403186 431302
16403188 431301
16403190 431300
16834490
99
10 23
13 24
14 80
15 64
16 27
17 69
18 19
19 76
20 99
30 10
40 10
41 39
42 55
43 26
44 74
45 38
46 76
48 96
50 37
60 10
70 10
71 68
72 88
73 16
74 99
75 46
77 74
78 34
79 23
80 10
90 10
91 38
92 97
93 66
94 59
95 70
97 94
99 26
100 32
110 10
120 10
121 65
122 14
123 62
124 14
127 85
128 74
129 19
130 24
140 10
150 10
151 70
152 59
153 22
154 59
155 70
156 79
159 44
160 80
170 10
180 10
181 15
182 29
183 96
184 21
185 25
187 58
189 94
190 46
200 10
210 10
211 64
212 51
213 88
214 59
215 50
216 27
217 62
218 34
226 7
234 8
235 95
236 72
237 40
238 56
239 65
240 26
241 90
242 70
250 8
258 8
259 44
260 86
261 17
262 62
263 14
264 83
265 62
266 38
274
5
100 100
105 5
110 5
112 2
114 2
120
1
10 25
25
1
200000000 300000000
400000000
23
10 42
11 31
12 65
13 91
14 96
15 51
16 83
17 38
18 91
19 98
20 87
30 10
40 10
41 32
42 76
43 95
44 90
45 53
46 27
47 28
48 80
49 44
50 30
60
99
10 44
11 73
12 39
13 38
14 17
15 21
16 27
17 35
19 11
20 10
30 10
32 40
34 37
35 24
36 74
37 79
38 68
39 49
40 68
50 10
60 10
61 88
62 17
63 20
64 13
65 84
66 26
68 71
69 16
70 10
80 10
81 10
82 46
83 21
85 10
87 69
88 89
89 85
90 41
100 10
110 10
111 12
112 41
113 82
115 78
116 80
118 28
119 77
120 40
130 10
140 10
142 47
143 74
144 27
145 63
146 83
147 13
148 13
149 57
158 9
167 9
168 48
169 82
171 11
172 55
173 67
174 44
175 65
176 49
185 9
194 9
195 33
196 25
197 84
199 55
200 31
201 87
202 80
203 13
212 9
221 9
223 99
224 61
225 74
226 46
227 79
228 94
229 78
230 46
239 9
248 9
249 82
251 85
252 79
253 74
254 70
255 40
256 50
257 41
266
99
810018 1000000
1619942 809921
1619944 809920
1619946 809919
1619948 809918
1619950 809917
1619952 809916
1619954 809915
1619956 809914
1619958 809913
1619960 809912
1619962 809911
1619964 809910
1619966 809909
1619968 809908
1619970 809907
1619972 809906
1619974 809905
1619976 809904
1619978 809903
1619980 809902
1619982 809901
1619984 809900
1619986 809899
1619988 809898
1619990 809897
1619992 809896
1619994 809895
1619996 809894
1619998 809893
1620000 809892
1620002 809891
1620004 809890
1620006 809889
1620008 809888
1620010 809887
1620012 809886
1620014 809885
1620016 809884
1620018 809883
1620020 809882
1620022 809881
1620024 809880
1620026 809879
1620028 809878
1620030 809877
1620032 809876
1620034 809875
1620036 809874
2429865 809918
3239784 809919
4049609 809822
4049611 809821
4049613 809820
4049615 809819
4049617 809818
4049619 809817
4049621 809816
4049623 809815
4049625 809814
4049627 809813
4049629 809812
4049631 809811
4049633 809810
4049635 809809
4049637 809808
4049639 809807
4049641 809806
4049643 809805
4049645 809804
4049647 809803
4049649 809802
4049651 809801
4049653 809800
4049655 809799
4049657 809798
4049659 809797
4049661 809796
4049663 809795
4049665 809794
4049667 809793
4049669 809792
4049671 809791
4049673 809790
4049675 809789
4049677 809788
4049679 809787
4049681 809786
4049683 809785
4049685 809784
4049687 809783
4049689 809782
4049691 809781
4049693 809780
4049695 809779
4049697 809778
4049699 809777
4049701 809776
4049703 809775
4859478
7
10 10
15 5
20 9
25 5
30 10
35 5
40 10
49
2
10 10
11 10
21
99
340464 1000000
342612 911831
350576 989440
393959 894983
435545 982644
441600 929810
442775 648757
454958 800781
477633 513991
487439 803954
492839 743912
504086 923351
506304 964876
521612 597481
533968 559805
541182 980565
541505 954622
543293 907811
557808 822824
580425 573310
606742 628152
623800 733156
638989 646851
652902 973301
676324 764390
680882 340415
680884 340414
680886 340413
680888 340412
680890 340411
680892 340410
680894 340409
680896 340408
680898 340407
680900 340406
680902 340405
680904 340404
680906 340403
680908 340402
680910 340401
680912 340400
680914 340399
680916 340398
680918 340397
680920 340396
680922 340395
680924 340394
680926 340393
680928 340392
1021313 340399
1361712 340399
1376996 567533
1390029 940463
1410469 959380
1425983 918238
1427434 586040
1443505 737639
1493650 624002
1498393 915548
1500802 914700
1504973 636300
1539670 712872
1557088 972002
1567015 722845
1575720 540933
1593760 954825
1599957 694204
1605656 764205
1612433 992692
1614885 802897
1629782 659336
1679894 564572
1684367 749562
1689809 560693
1699675 874328
2037592 337914
2037594 337913
2037596 337912
2037598 337911
2037600 337910
2037602 337909
2037604 337908
2037606 337907
2037608 337906
2037610 337905
2037612 337904
2037614 337903
2037616 337902
2037618 337901
2037620 337900
2037622 337899
2037624 337898
2037626 337897
2037628 337896
2037630 337895
2037632 337894
2037634 337893
2037636 337892
2037638 337891
2375529
2
10 1000
100 10
110
2
10 10
11 10
20
95
201685 1000000
203019 613390
224206 793808
237710 652052
254494 549950
280057 753727
289568 514035
300427 669284
301484 664943
302955 562348
306704 529610
324601 956484
327998 924248
350105 761272
362489 693092
383695 577958
403342 201654
403344 201653
403346 201652
403348 201651
403350 201650
403352 201649
403354 201648
403356 201647
403358 201646
403360 201645
403362 201644
403364 201643
403366 201642
403368 201641
403370 201640
605006 201644
806650 201644
811204 792158
856304 843936
878681 599936
880067 583579
889788 775588
890771 798728
893757 871889
908964 871485
918920 534526
924189 587681
929035 934333
937915 825490
974154 827940
986919 616931
1005687 722028
1204696 199006
1204698 199005
1204700 199004
1204702 199003
1204704 199002
1204706 199001
1204708 199000
1204710 198999
1204712 198998
1204714 198997
1204716 198996
1204718 198995
1204720 198994
1204722 198993
1204724 198992
1403715 198992
1602708 198993
1604628 855826
1605059 862712
1630351 833792
1631589 661873
1635562 954109
1637046 929260
1648235 741374
1658683 585285
1671977 847498
1710751 811410
1730529 750249
1753716 886165
1772739 564858
1774142 671900
1790327 912123
1801673 198962
1801675 198961
1801677 198960
1801679 198959
1801681 198958
1801683 198957
1801685 198956
1801687 198955
1801689 198954
1801691 198953
1801693 198952
1801695 198951
1801697 198950
1801699 198949
1801701 198948
2000649
99
386696 1000000
773378 386679
773380 386678
773382 386677
773384 386676
773386 386675
773388 386674
773390 386673
773392 386672
1160062 386674
1546736 386674
1933396 386657
1933398 386656
1933400 386655
1933402 386654
1933404 386653
1933406 386652
1933408 386651
1933410 386650
2320053 386657
2706710 386657
3093353 386640
3093355 386639
3093357 386638
3093359 386637
3093361 386636
3093363 386635
3093365 386634
3093367 386633
3479995 386638
3866633 386638
4253257 386621
4253259 386620
4253261 386619
4253263 386618
4253265 386617
4253267 386616
4253269 386615
4253271 386614
4639883 386616
5026499 386616
5413101 386599
5413103 386598
5413105 386597
5413107 386596
5413109 386595
5413111 386594
5413113 386593
5413115 386592
5799706 386593
6186299 386593
6572878 386576
6572880 386575
6572882 386574
6572884 386573
6572886 386572
6572888 386571
6572890 386570
6572892 386569
6959456 386573
7346030 386574
7732590 386557
7732592 386556
7732594 386555
7732596 386554
7732598 386553
7732600 386552
7732602 386551
7732604 386550
8119148 386556
8505704 386556
8892246 386539
8892248 386538
8892250 386537
8892252 386536
8892254 386535
8892256 386534
8892258 386533
8892260 386532
9278791 386533
9665324 386533
10051843 386516
10051845 386515
10051847 386514
10051849 386513
10051851 386512
10051853 386511
10051855 386510
10051857 386509
10438366 386509
10824875 386509
11211370 386492
11211372 386491
11211374 386490
11211376 386489
11211378 386488
11211380 386487
11211382 386486
11211384 386485
11597869
