50
2 6 6
1 1
3 320 2
4 3 2
10 1252746 1252746
99933 99990 99909 99980 99966 99990 99960 99960 99954 99904
10 100000 1570811
100000 104 105 101 101 102 101 101 104 97
1 376044 376044
94011
10 1000000000 1000000000
99903 99943 99987 99945 99999 99974 99902 99997 99971 99976
10 3177216 103362
25965 68579 36612 31822 16015 87049 51696 50012 9039 9322
10 160802 6147725
96653 82402 94428 55846 95663 92764 59074 59888 58517 80682
10 4515818 121846
76453 88437 1765 38377 77452 19191 66256 45499 83488 9452
10 3610664 134890
32855 39467 5965 1627 18916 94317 1489 75815 91372 70556
10 584288 1347078
90125 51158 82679 76908 40409 55946 59131 70476 99240 59515
10 72341 6864107
37825 18909 52968 84427 60241 58623 52934 8786 16008 98432
10 5461858 56067
35590 90010 71345 2307 10936 11753 19455 61767 22418 8783
10 92801 6120011
82534 80879 95982 37360 42158 51820 45872 74517 5012 7052
10 145730 4125778
28356 47810 73353 91389 51433 69507 93425 31249 62368 19571
10 114108 4598615
41868 33792 30533 89808 74983 37584 21449 96015 43866 53620
10 1087095 601605
14370 54891 33374 32171 88289 82311 45708 58819 88886 90813
10 7133320 88175
33156 95720 99682 90806 26997 53853 12254 21300 45971 72471
10 288635 1374114
48845 43608 75085 18629 70445 29238 68354 17624 30413 57026
10 95881 4477629
50976 77418 5005 58898 5874 15069 88694 21402 37140 72660
10 213206 2110052
91167 45916 64544 36660 39275 95587 27479 10037 25143 23302
10 2464365 251792
16999 59502 70490 68893 6646 48078 79662 89354 11651 95585
10 117540 3701962
56949 91946 31073 780 46695 26647 7092 779 77478 78061
10 7076629 98169
33047 60398 96735 58095 72334 76838 95968 16049 29026 72851
10 5552586 107904
79390 55368 27584 66108 92754 29088 51027 76391 28668 70232
10 4879783 63557
43026 71182 61646 30707 32608 37743 34057 16560 33972 54835
10 1189537 306864
81284 59614 75756 31333 66872 37442 1895 2132 8867 19901
10 177452 4339705
32167 21684 20656 86600 98653 22150 99238 63778 98195 76244
10 1704959 228795
29296 13196 16008 97524 17780 25673 55222 11302 5898 99231
10 6365459 73018
3365 17625 95942 15820 37734 89964 6529 4128 99233 19697
10 565098 1029632
91483 3738 77754 74442 25623 9337 31391 95462 43562 65811
10 6201581 124659
91466 24575 38235 22651 72309 80836 87407 99771 55417 76437
10 1114071 357115
2469 77804 66875 402 53554 29439 17891 74844 6297 71414
10 6738955 82277
46559 17907 51449 59030 57898 26323 58833 77063 87261 74955
10 4929475 74980
50807 44511 29189 37901 52192 75635 54319 35499 63431 110
10 3264731 225676
36297 99975 29712 47311 96362 54749 53688 58756 84849 81569
10 79819 6596740
89865 30559 62016 48059 9498 91421 63750 50519 39384 41716
10 935674 561428
18780 84895 84017 32003 26140 54934 73237 55117 12495 74437
10 107508 4654350
21511 56796 60757 73453 52473 17492 26624 27627 67621 99878
10 108232 6920016
22927 84087 40529 88883 71592 71958 78471 21857 84455 80436
10 1270157 552416
46599 40996 69491 7754 62754 81206 98021 74703 30400 96344
10 241126 3053306
49382 54880 91717 18946 87590 84377 97999 67275 55218 26042
10 723597 399705
94228 11193 40111 31475 54937 12386 24195 36890 40979 3440
10 145954 1734080
35250 51624 12699 12497 69331 46764 48560 22519 43556 11467
10 946435 454742
31322 8116 18937 34142 94255 39590 814 62475 89738 49191
10 1495037 415820
7500 79202 14418 54704 45954 91900 49359 94949 35042 82522
10 129506 5457222
86987 76381 4993 59033 98174 67468 42240 41782 58219 83500
10 82687 4843399
29813 34604 42267 31143 85245 68838 85846 34078 5962 9015
10 2077832 243165
63387 43869 58395 30355 55785 15332 94661 80945 53252 14004
10 1672288 351345
49962 89239 27765 67345 85499 16618 84039 45032 13010 69228
