50
2 6 6
1 1
3 320 2
4 2 3
10 1252848 1252848
99997 99948 99909 99971 99978 99968 99971 99980 99929 99977
10 100000 1570811
104 105 100000 97 104 101 96 98 96 98
1 307596 307596
76899
10 1000000000 1000000000
99906 99964 99935 99925 99906 99998 100000 99913 99923 99987
10 451829 930873
85854 91297 8261 13341 22280 59764 741 32017 65726 37549
10 935562 562321
32546 35698 42726 90800 7106 44584 35976 90586 55874 80173
10 3970507 95068
26194 48022 21251 26528 20511 5627 73610 57023 80981 64825
10 148100 2868206
20577 43579 58327 18395 40405 34915 25501 97367 28792 84665
10 5393358 97004
24361 81335 59887 57418 16909 43742 76438 67240 79717 17209
10 107533 4526426
64788 73374 48170 12496 91393 70740 47814 22848 52123 6870
10 303460 2256195
81692 23723 98900 50797 51639 26139 95555 51814 83828 42388
10 1361268 339707
75287 38464 38678 57577 6851 160 68418 57539 90586 35158
10 842499 813435
68300 76044 51050 89298 86847 9695 89478 40204 2183 73055
10 77919 7226482
28913 69146 49234 87571 86420 52635 71169 14351 26032 62842
10 96216 7261042
16964 79544 25995 90759 87697 11245 94635 58840 55642 74945
10 463666 1253436
74184 34829 63661 71956 63972 67895 60646 90474 21248 5910
10 369910 916009
16913 92423 3466 11547 44041 60558 12865 61439 20430 51316
10 3007847 90895
58456 60590 46747 28838 43035 14217 52500 32546 37220 6695
10 8839793 89121
58880 80763 66198 27851 59105 55415 79122 95022 71969 89289
10 3479976 84913
34330 19623 72049 64812 40900 71232 12777 4435 16780 25401
10 6091777 74015
6980 60327 70815 67929 33617 95779 64854 22244 2118 19431
10 142065 3689210
65737 80710 46115 1482 76275 64263 30610 69110 12984 67617
10 198465 2588466
42541 93942 52523 82126 40424 30246 921 17412 55948 81136
10 385744 2341702
93375 17101 97471 36487 82857 98889 61883 98968 690 85985
10 422886 959431
57717 27170 69553 43193 30017 2015 49493 42438 76614 63494
10 6834273 80100
83577 12068 5343 24779 62891 25890 98817 29921 85913 66407
10 203902 2622157
26861 55976 96414 46314 47552 76881 73484 24677 5468 67317
10 5567533 132188
82770 74313 83953 82624 73377 70533 29042 80909 52619 9329
10 6276068 107083
55854 76348 25011 97338 72186 335 45034 91347 78954 43802
10 2925842 160008
95480 9538 28734 22653 42990 42270 88090 41965 6798 77818
10 6357201 77241
78990 84176 65879 27691 4749 54080 44377 51344 61184 39143
10 85960 4368916
57145 5575 61574 89408 4641 16472 2232 20913 83076 34493
10 163555 2851234
29167 3549 50267 57628 62159 29256 90004 39858 89832 22309
10 3937867 165295
50762 60799 68925 66558 64162 56336 77328 65821 78423 47237
10 109355 3968094
63763 58959 86071 14711 25794 57580 58194 63635 13441 29342
10 1844246 297283
11333 88543 92155 59531 54833 60572 23231 10121 69305 52704
10 223046 2304404
42210 22196 55145 98465 36911 16000 86207 11457 61347 69036
10 141224 3517440
11294 72886 93683 37766 55368 535 49809 35220 94950 13356
10 1919793 244896
61512 39210 26472 28008 61885 72761 68681 95364 10706 8622
10 181383 3092553
65251 7877 94958 58728 71569 59448 37460 20573 87094 29264
10 137898 5939776
90890 87776 88965 51167 11497 89360 91231 62883 34004 63991
10 2570520 176424
39848 68891 2394 15620 98154 81191 55627 40541 9622 35079
10 175178 3791369
2740 27599 74103 77073 3797 58298 69491 92301 65364 95117
10 85101 5787445
13580 46380 98954 43673 65241 10056 70472 17699 38078 78947
10 116444 5121088
28530 99134 78109 93380 58642 20978 74288 4007 17419 52758
10 887134 835070
82195 29144 62049 65207 55685 70990 74715 95774 19464 90445
10 285536 1916495
73574 76384 1391 34498 50671 89183 44301 93933 6601 32360
10 3818895 134963
41151 26130 51415 4269 81379 13825 74358 86209 52758 72221
