50
2 6 6
1 1
3 320 2
4 2 3
10 1252753 1252753
99945 99950 99931 99978 99940 99984 99932 99963 99996 99933
10 100000 1570811
105 100000 98 104 97 101 96 101 102 104
1 32392 32392
8098
10 1000000000 1000000000
99928 99938 99916 99920 99911 99925 99986 99941 99943 99930
10 256955 2735225
13007 81090 19017 99883 72416 87580 26604 81942 74776 41622
10 135998 2084319
18880 12317 81169 29200 18704 13953 10783 96538 10198 3479
10 111178 4569033
72165 32716 77008 77053 59744 28326 26619 60219 55589 48951
10 396984 1090705
37653 22231 34175 36571 24255 53086 76680 4912 75554 90161
10 5559770 69924
11383 18024 43306 84180 53876 60750 25195 49366 31791 68245
10 4904885 81592
7839 6262 96490 59642 54754 11875 2035 14356 69872 65406
10 79745 6280826
85636 55305 25979 26435 79211 75800 85077 26289 12370 4204
10 1587334 117992
16586 15041 3659 14939 8538 50085 49276 14681 74580 19956
10 150271 4065050
61024 95526 63059 69876 40610 51650 28241 45686 5699 99730
10 154218 3102117
32885 53178 12875 19952 97342 27240 95062 34667 69763 25686
10 81552 5329487
19038 79215 95458 15831 70146 47107 6343 55492 33718 16516
10 4335310 53752
10287 13947 52247 12945 19237 46476 17581 58714 17976 70908
10 771107 749366
8586 76341 18684 83611 49578 72862 68428 69998 38574 68615
10 307862 2628872
60624 64699 36584 70408 97836 56462 57667 95297 78600 77600
10 185430 2448638
45135 80898 60713 10290 50516 61303 81475 45097 36365 15095
10 1212487 407232
73869 22032 20669 28272 28080 84734 58615 97644 13939 55970
10 8016734 105454
67446 26101 29160 99771 57732 97020 80967 90431 99492 20162
10 6153449 104728
48332 93566 82751 67275 37998 2643 79628 57495 85766 10429
10 63849 5747758
88906 10009 16791 84236 20207 4750 17414 36329 18643 74696
10 147352 2344929
50544 15716 28168 23783 18359 8155 45139 17818 87782 85861
10 7133069 105649
80632 47659 35976 93781 95724 91433 65073 35696 30719 71679
10 7320729 118292
86675 44565 42552 96854 99066 42792 92458 18046 70959 94264
10 107230 7170954
82875 66205 27116 83778 74774 75441 96431 44383 85574 8506
10 1059672 528664
23387 75200 34002 75068 72204 47630 32276 64661 77867 62471
10 1058790 518738
51167 18368 86015 10950 59374 73986 13130 59245 86788 65404
10 240120 2585560
2706 96638 19296 78879 70430 24434 89882 39656 60453 68704
10 5939802 59700
28479 38142 21906 25045 42443 40748 27193 56502 71868 81504
10 5855563 66281
56377 12881 77996 37082 24188 62610 17651 5247 83991 44795
10 3568205 152285
59021 96492 69345 22745 2368 39754 41242 98548 53023 25740
10 4885010 127496
12687 92359 33741 27353 55557 49904 96317 67893 96659 16295
10 297761 2070002
28010 96448 52727 15167 40145 391 96668 96786 25063 72041
10 2506599 244640
64432 5401 64955 53375 44664 85244 97912 25283 88604 21250
10 721256 597838
3857 75443 28311 4248 25540 34779 12521 61885 88580 85028
10 647803 526213
21650 44556 38994 27050 41910 96570 15787 46865 12293 57586
10 122852 4757396
35925 84215 60483 60503 49437 82267 89375 52594 33069 21127
10 2418588 195641
8671 42429 85200 89488 28846 45245 25883 3336 69414 67839
10 346264 1383900
83018 9643 76575 9216 8261 55707 12445 61534 88090 51963
10 89641 6961195
47811 63641 72311 74489 41724 89403 5576 59218 90239 34600
10 63419 4007628
19051 40205 55170 57518 63630 7140 57749 13455 8278 12824
10 6416169 108214
74654 30568 9934 75926 7710 90812 96581 66928 66767 72521
10 177817 3676725
34186 32427 91704 9557 60906 50981 77306 96057 94681 20581
10 1246250 221341
9622 37310 35737 34246 1900 18811 74662 44732 34799 66952
10 1924504 149264
74213 24090 38328 1396 41186 4860 76708 27689 4946 48305
10 2006989 219746
21203 45955 61452 86041 102 10855 28404 57495 94805 33429
