50
10000 10001
1781 7688
1007465 1919027
100000 100000
1032122 1995680
1216257 1504628
1216908 1951709
1021619 1930030
15048 53617
1007458 1962726
388 869
1067361 1995135
46739 73395
1077614 1958584
1031957 1958036
72634 74120
1063961 1954135
274937 720742
1 8
1057393 1928164
28 93
1000000 2000000
1032073 1940559
1089798 1970754
100000 999999
1434814 1780702
1072799 1964898
1059864 1967119
155569 345355
2578 4229
72 95
552 553
601415 711929
1275115 1433162
688042 856983
594203 673506
1172008 1490273
180289 925799
354653 354653
1195595 1669305
5908 5967
2083 7987
339 670
1015539 1982001
29229 96206
1006167 1522491
1117646 1117646
1021936 1950412
41215 83080
1033077 1969448
