Case #1: 0
12 21
13 31
23 32
Case #2: 3
101 110
102 210
103 310
104 410
112 211
112 121
113 311
113 131
114 411
114 141
115 151
116 161
117 171
118 181
119 191
120 201
121 211
122 212
122 221
123 312
123 231
124 412
124 241
125 251
126 261
127 271
128 281
129 291
130 301
131 311
132 213
132 321
133 313
133 331
134 413
134 341
135 351
136 361
137 371
138 381
139 391
140 401
141 411
142 214
142 421
143 314
143 431
144 414
144 441
145 451
146 461
147 471
148 481
149 491
152 215
153 315
154 415
162 216
163 316
164 416
172 217
173 317
174 417
182 218
183 318
184 418
192 219
193 319
194 419
202 220
203 320
204 420
212 221
213 321
214 421
223 322
223 232
224 422
224 242
225 252
226 262
227 272
228 282
229 292
230 302
231 312
232 322
233 323
233 332
234 423
234 342
235 352
236 362
237 372
238 382
239 392
240 402
241 412
242 422
243 324
243 432
244 424
244 442
245 452
246 462
247 472
248 482
249 492
253 325
254 425
263 326
264 426
273 327
274 427
283 328
284 428
293 329
294 429
303 330
304 430
313 331
314 431
323 332
324 432
334 433
334 343
335 353
336 363
337 373
338 383
339 393
340 403
341 413
342 423
343 433
344 434
344 443
345 453
346 463
347 473
348 483
349 493
354 435
364 436
374 437
384 438
394 439
404 440
414 441
424 442
434 443
445 454
446 464
447 474
448 484
449 494
Case #3: 156
1112 2111
1112 1211
1112 1121
1113 1311
1113 1131
1114 1411
1114 1141
1115 1511
1115 1151
1116 1611
1116 1161
1117 1711
1117 1171
1118 1811
1118 1181
1119 1911
1119 1191
1120 2011
1120 1201
1121 2111
1121 1211
1122 2112
1122 2211
1122 1221
1123 1231
1124 1241
1125 1251
1126 1261
1127 1271
1128 1281
1129 1291
1130 1301
1131 1311
1132 2113
1132 1321
1133 1331
1134 1341
1135 1351
1136 1361
1137 1371
1138 1381
1139 1391
1140 1401
1141 1411
1142 2114
1142 1421
1143 1431
1144 1441
1145 1451
1146 1461
1147 1471
1148 1481
1149 1491
1150 1501
1151 1511
1152 2115
1152 1521
1153 1531
1154 1541
1155 1551
1156 1561
1157 1571
1158 1581
1159 1591
1160 1601
1161 1611
1162 2116
1162 1621
1163 1631
1164 1641
1165 1651
1166 1661
1167 1671
1168 1681
1169 1691
1170 1701
1171 1711
1172 2117
1172 1721
1173 1731
1174 1741
1175 1751
1176 1761
1177 1771
1178 1781
1179 1791
1180 1801
1181 1811
1182 2118
1182 1821
1183 1831
1184 1841
1185 1851
1186 1861
1187 1871
1188 1881
1189 1891
1190 1901
1191 1911
1192 2119
1192 1921
1193 1931
1194 1941
1195 1951
1196 1961
1197 1971
1198 1981
1199 1991
1200 2001
1201 2011
1202 2120
1202 2021
1203 2031
1204 2041
1205 2051
1206 2061
1207 2071
1208 2081
1209 2091
1210 2101
1211 2111
1212 2121
1212 2121
1213 1312
1213 2131
1214 1412
1214 2141
1215 1512
1215 2151
1216 1612
1216 2161
1217 1712
1217 2171
1218 1812
1218 2181
1219 1912
1219 2191
1220 2012
1220 2201
1221 2112
1221 2211
1222 2122
1222 2212
1222 2221
1232 2123
1242 2124
1252 2125
1262 2126
1272 2127
1282 2128
1292 2129
1302 2130
1312 2131
1314 1413
1315 1513
1316 1613
1317 1713
1318 1813
1319 1913
1320 2013
1321 2113
1322 2132
1322 2213
1332 2133
1342 2134
1352 2135
1362 2136
1372 2137
1382 2138
1392 2139
1402 2140
1412 2141
1415 1514
1416 1614
1417 1714
1418 1814
1419 1914
1420 2014
1421 2114
1422 2142
1422 2214
1432 2143
1442 2144
1452 2145
1462 2146
1472 2147
1482 2148
1492 2149
1502 2150
1512 2151
1516 1615
1517 1715
1518 1815
1519 1915
1520 2015
1521 2115
1522 2152
1522 2215
1532 2153
1542 2154
1552 2155
1562 2156
1572 2157
1582 2158
1592 2159
1602 2160
1612 2161
1617 1716
1618 1816
1619 1916
1620 2016
1621 2116
1622 2162
1622 2216
1632 2163
1642 2164
1652 2165
1662 2166
1672 2167
1682 2168
1692 2169
1702 2170
1712 2171
1718 1817
1719 1917
1720 2017
1721 2117
1722 2172
1722 2217
1732 2173
1742 2174
1752 2175
1762 2176
1772 2177
1782 2178
1792 2179
1802 2180
1812 2181
1819 1918
1820 2018
1821 2118
1822 2182
1822 2218
1832 2183
1842 2184
1852 2185
1862 2186
1872 2187
1882 2188
1892 2189
1902 2190
1912 2191
1920 2019
1921 2119
1922 2192
1922 2219
1932 2193
1942 2194
1952 2195
1962 2196
1972 2197
1982 2198
1992 2199
2002 2200
2012 2201
2021 2120
2022 2202
2022 2220
2032 2203
2042 2204
2052 2205
2062 2206
2072 2207
2082 2208
2092 2209
2102 2210
2112 2211
2122 2212
2122 2221
2132 2213
2142 2214
2152 2215
2162 2216
2172 2217
2182 2218
2192 2219
2202 2220
2212 2221
Case #4: 288
